Time,Power,Temperature,Pressure,Uptime,Status,Outcome
0,926,258,0,400,0,0
1,926,258,0,400,0,0
2,926,258,0,400,0,0
3,926,258,0,400,0,0
4,926,258,0,400,0,0
5,926,258,0,400,0,0
6,926,258,0,400,0,0
7,926,258,0,400,0,0
8,926,258,0,400,0,0
9,926,258,0,400,0,0
10,926,258,0,400,0,0
11,926,258,0,400,0,0
12,926,258,0,400,0,0
13,926,258,0,400,0,0
14,926,258,0,400,0,0
15,926,258,0,400,0,0
16,926,258,0,400,0,0
17,926,258,0,400,0,0
18,926,258,0,400,0,0
19,926,258,0,400,0,0
20,926,258,0,400,0,0
21,926,258,0,400,0,0
22,926,258,0,400,0,0
23,926,258,0,400,0,0
24,926,258,0,400,0,0
25,926,258,0,400,0,0
26,926,258,0,400,0,0
27,926,258,0,400,0,0
28,926,258,0,400,0,0
29,926,258,0,400,0,0
30,926,258,0,400,0,0
31,926,258,0,400,0,0
32,926,258,0,400,0,0
33,926,258,0,400,0,0
34,926,258,0,400,0,0
35,926,258,0,400,0,0
36,926,258,0,400,0,0
37,926,258,0,400,0,0
38,926,258,0,400,0,0
39,926,258,0,400,0,0
40,926,258,0,400,0,0
41,926,258,0,400,0,0
42,926,258,0,400,0,0
43,926,258,0,400,0,0
44,926,258,0,400,0,0
45,926,258,0,400,0,0
46,926,258,0,400,0,0
47,926,258,0,400,0,0
48,926,258,0,400,0,0
49,926,258,0,400,0,0
50,926,258,0,400,0,0
51,926,258,0,400,0,0
52,926,258,0,400,0,0
53,845,258,0,400,303,303
0,999,246,0,124,0,0
1,999,246,0,124,0,0
2,999,246,0,124,0,0
3,999,246,0,124,0,0
4,999,246,0,124,0,0
5,999,246,0,124,0,0
6,999,246,0,124,0,0
7,999,246,0,124,0,0
8,999,246,0,124,0,0
9,999,246,0,124,0,0
10,999,246,0,124,0,0
11,999,246,0,124,0,0
12,999,246,0,124,0,0
13,999,246,0,124,0,0
14,999,246,0,124,0,0
15,999,246,0,124,0,0
16,999,246,0,124,0,0
17,999,246,0,124,0,0
18,999,246,0,124,0,0
19,999,246,0,124,0,0
20,999,246,0,124,0,0
21,999,246,0,124,0,0
22,999,246,0,124,0,0
23,999,246,0,124,0,0
24,999,246,0,124,0,0
25,999,246,0,124,0,0
26,999,246,0,124,0,0
27,999,246,0,124,0,0
28,999,246,0,124,0,0
29,999,246,0,124,0,0
30,999,246,0,124,0,0
31,999,246,0,124,0,0
32,999,246,0,124,0,0
33,999,246,0,124,0,0
34,999,246,0,124,0,0
35,999,246,0,124,0,0
36,999,246,0,124,0,0
37,999,246,0,124,0,0
38,999,246,0,124,0,0
39,999,246,0,124,0,0
40,999,246,0,124,0,0
41,999,246,0,124,0,0
42,999,246,0,124,0,0
43,999,246,0,124,0,0
44,999,246,0,124,0,0
45,999,246,0,124,0,0
46,999,246,0,124,0,0
47,999,246,0,124,0,0
48,999,246,0,124,0,0
49,999,246,0,124,0,0
50,999,246,0,124,0,0
51,999,246,0,124,0,0
52,999,246,0,124,0,0
53,999,246,0,124,0,0
54,999,246,0,124,0,0
55,964,246,0,124,0,101
56,960,246,0,124,0,101
57,958,246,0,124,0,101
58,956,246,0,124,0,101
59,954,246,0,124,0,101
60,952,246,0,124,0,101
61,950,246,0,124,0,101
62,947,246,0,124,0,101
63,947,246,0,124,0,101
64,947,246,0,124,0,101
65,945,246,0,124,0,101
66,942,246,0,124,0,101
67,941,246,0,124,0,101
68,938,246,0,124,0,101
69,936,246,0,124,0,101
70,935,246,0,124,0,101
71,933,246,0,124,0,101
72,930,246,1,124,0,101
73,927,246,0,124,0,101
74,927,246,0,124,0,101
75,925,246,0,124,0,101
76,921,246,0,124,0,101
77,920,246,0,124,0,101
78,918,246,0,124,0,101
79,917,246,0,124,0,101
80,915,246,0,124,0,101
81,914,246,0,124,0,101
82,912,246,0,124,0,101
83,909,246,0,124,0,101
84,909,246,0,124,0,101
85,908,246,0,124,0,101
86,906,246,0,124,0,101
87,902,246,0,124,0,101
88,901,246,0,124,0,101
89,897,246,0,124,0,101
90,896,246,0,124,0,101
91,894,246,0,124,0,101
92,890,246,1,124,0,101
93,886,246,0,124,0,101
94,886,246,0,124,0,101
95,886,246,0,124,0,101
96,884,246,0,124,0,101
97,880,246,0,124,0,101
98,877,246,0,124,0,101
99,877,246,0,124,0,101
100,876,246,0,124,0,101
101,875,246,0,124,0,101
102,873,246,0,124,0,101
103,869,246,0,124,0,101
104,869,246,0,124,0,101
105,869,246,0,124,0,101
106,869,246,0,124,0,101
107,866,246,0,124,0,101
108,866,246,0,124,0,101
109,863,246,0,124,0,101
110,859,246,0,124,0,101
111,859,246,0,124,0,101
112,858,246,0,124,0,101
113,856,246,0,124,0,101
114,855,246,0,124,0,101
115,852,246,0,124,0,101
116,849,246,0,124,0,101
117,847,246,0,124,0,101
118,844,246,0,124,0,101
119,841,246,0,124,0,101
120,841,246,0,124,0,101
121,840,246,0,124,0,101
122,837,246,0,124,0,101
123,836,246,0,124,0,101
124,832,246,0,124,0,101
125,831,246,0,124,0,101
126,831,246,0,124,0,101
127,829,246,0,124,0,101
128,829,246,0,124,0,101
129,825,246,0,124,0,101
130,823,246,0,124,0,101
131,820,246,0,124,0,101
132,817,246,0,124,0,101
133,814,246,0,124,0,101
134,811,246,0,124,0,101
135,808,246,1,124,0,101
136,808,246,0,124,0,101
137,804,246,0,124,0,101
138,803,246,0,124,0,101
139,803,246,0,124,0,101
140,802,246,0,124,0,101
141,802,246,0,124,0,101
142,799,246,0,124,0,101
143,795,246,0,124,0,101
144,795,246,0,124,0,101
145,793,246,0,124,0,101
146,789,246,0,124,0,101
147,789,246,0,124,0,101
148,787,246,0,124,0,101
149,786,246,0,124,0,101
150,783,246,0,124,0,101
151,779,246,0,124,0,101
152,775,246,0,124,0,101
153,775,246,0,124,0,101
154,775,246,0,124,0,101
155,774,246,0,124,0,101
156,773,246,0,124,0,101
157,769,246,0,124,0,101
158,765,246,0,124,0,101
159,761,246,0,124,0,101
160,758,246,0,124,0,101
161,754,246,0,124,0,101
162,754,246,0,124,0,101
163,751,246,0,124,0,101
164,751,246,1,124,0,101
165,747,246,0,124,0,101
166,746,246,0,124,0,101
167,746,246,0,124,0,101
168,743,246,0,124,0,101
169,740,246,1,124,0,101
170,738,246,0,124,101,101
0,978,255,0,215,0,0
1,978,255,0,215,0,0
2,978,255,0,215,0,0
3,978,255,0,215,0,0
4,978,255,0,215,0,0
5,978,255,0,215,0,0
6,978,255,0,215,0,0
7,978,255,0,215,0,0
8,978,255,0,215,0,0
9,978,255,0,215,0,0
10,978,255,0,215,0,0
11,978,255,0,215,0,0
12,978,255,0,215,0,0
13,978,255,0,215,0,0
14,978,255,0,215,0,0
15,978,255,0,215,0,0
16,978,255,0,215,0,0
17,978,255,0,215,0,0
18,978,255,0,215,0,0
19,978,255,0,215,0,0
20,978,255,0,215,0,0
21,978,255,0,215,0,0
22,978,255,0,215,0,0
23,978,255,0,215,0,0
24,978,255,0,215,0,0
25,978,255,0,215,0,0
26,978,255,0,215,0,0
27,978,255,0,215,0,0
28,978,255,0,215,0,0
29,978,255,0,215,0,0
30,978,255,0,215,0,0
31,978,255,0,215,0,0
32,978,255,0,215,0,0
33,978,255,0,215,0,0
34,978,255,0,215,0,0
35,978,255,0,215,0,0
36,978,255,0,215,0,0
37,978,255,0,215,0,0
38,978,255,0,215,0,0
39,978,255,0,215,0,0
40,978,255,0,215,0,0
41,978,255,0,215,0,0
42,978,255,0,215,0,0
43,978,255,0,215,0,0
44,978,255,0,215,0,0
45,978,255,0,215,0,0
46,978,255,0,215,0,0
47,978,255,0,215,0,0
48,978,255,0,215,0,0
49,978,255,0,215,0,0
50,978,255,0,215,0,0
51,978,255,0,215,0,0
52,978,255,0,215,0,0
53,978,255,0,215,0,0
54,978,255,0,215,0,0
55,948,255,0,215,0,101
56,945,255,0,215,0,101
57,942,255,0,215,0,101
58,938,255,0,215,0,101
59,934,255,0,215,0,101
60,933,255,0,215,0,101
61,931,255,0,215,0,101
62,928,255,0,215,0,101
63,928,255,0,215,0,101
64,926,255,0,215,0,101
65,925,255,0,215,0,101
66,924,255,0,215,0,101
67,920,255,0,215,0,101
68,920,255,1,215,0,101
69,917,255,0,215,0,101
70,913,255,0,215,0,101
71,910,255,0,215,0,101
72,906,255,0,215,0,101
73,904,255,0,215,0,101
74,903,255,0,215,0,101
75,900,255,0,215,0,101
76,900,255,0,215,0,101
77,900,255,0,215,0,101
78,898,255,0,215,0,101
79,894,255,0,215,0,101
80,892,255,0,215,0,101
81,890,255,0,215,0,101
82,889,255,0,215,0,101
83,885,255,0,215,0,101
84,883,255,0,215,0,101
85,881,255,0,215,0,101
86,881,255,0,215,0,101
87,880,255,0,215,0,101
88,880,255,0,215,0,101
89,877,255,0,215,0,101
90,875,255,0,215,0,101
91,872,255,0,215,0,101
92,871,255,0,215,0,101
93,869,255,0,215,0,101
94,867,255,0,215,0,101
95,863,255,0,215,0,101
96,859,255,1,215,0,101
97,859,255,0,215,0,101
98,856,255,0,215,0,101
99,853,255,1,215,0,101
100,849,255,0,215,0,101
101,849,255,0,215,0,101
102,847,255,0,215,0,101
103,843,255,0,215,0,101
104,841,255,0,215,0,101
105,840,255,0,215,0,101
106,840,255,0,215,0,101
107,837,255,0,215,0,101
108,837,255,0,215,0,101
109,835,255,0,215,0,101
110,831,255,0,215,0,101
111,828,255,0,215,0,101
112,826,255,0,215,0,101
113,822,255,1,215,0,101
114,820,255,0,215,0,101
115,819,255,0,215,0,101
116,818,255,0,215,0,101
117,815,255,0,215,0,101
118,811,255,0,215,0,101
119,810,255,0,215,0,101
120,806,255,0,215,0,101
121,806,255,0,215,0,101
122,804,255,0,215,0,101
123,800,255,0,215,0,101
124,799,255,0,215,0,101
125,798,255,0,215,0,101
126,796,255,0,215,0,101
127,794,255,0,215,0,101
128,793,255,0,215,0,101
129,789,255,0,215,0,101
130,788,255,0,215,0,101
131,785,255,0,215,0,101
132,781,255,0,215,0,101
133,780,255,0,215,0,101
134,780,255,0,215,0,101
135,776,255,0,215,0,101
136,774,255,0,215,0,101
137,770,255,0,215,0,101
138,769,255,0,215,0,101
139,768,255,0,215,0,101
140,764,255,0,215,0,101
141,760,255,0,215,0,101
142,757,255,0,215,0,101
143,755,255,0,215,0,101
144,754,255,0,215,0,101
145,750,255,0,215,0,101
146,746,255,0,215,0,101
147,742,255,0,215,0,101
148,739,255,0,215,0,101
149,738,255,0,215,0,101
150,738,255,0,215,0,101
151,738,255,0,215,0,101
152,734,255,0,215,0,101
153,731,255,0,215,0,101
154,728,255,0,215,0,101
155,724,255,0,215,0,101
156,723,255,0,215,0,101
157,721,255,0,215,0,101
158,720,255,0,215,0,101
159,718,255,0,215,0,101
160,715,255,0,215,0,101
161,714,255,1,215,0,101
162,712,255,0,215,101,101
0,929,251,0,63,0,0
1,929,251,0,63,0,0
2,929,251,0,63,0,0
3,929,251,0,63,0,0
4,929,251,0,63,0,0
5,929,251,0,63,0,0
6,929,251,0,63,0,0
7,929,251,0,63,0,0
8,929,251,0,63,0,0
9,929,251,0,63,0,0
10,929,251,0,63,0,0
11,929,251,0,63,0,0
12,929,251,0,63,0,0
13,929,251,0,63,0,0
14,929,251,0,63,0,0
15,929,251,0,63,0,0
16,929,251,0,63,0,0
17,929,251,0,63,0,0
18,929,251,0,63,0,0
19,929,251,0,63,0,0
20,929,251,0,63,0,0
21,929,251,0,63,0,0
22,929,251,0,63,0,0
23,929,251,0,63,0,0
24,929,251,0,63,0,0
25,929,251,0,63,0,0
26,929,251,0,63,0,0
27,929,251,0,63,0,0
28,929,251,0,63,0,0
29,929,251,0,63,0,0
30,929,251,0,63,0,0
31,929,251,0,63,0,0
32,929,251,0,63,0,0
33,929,251,0,63,0,0
34,929,251,0,63,0,0
35,929,251,0,63,0,0
36,929,251,0,63,0,0
37,929,251,0,63,0,0
38,929,251,0,63,0,0
39,929,251,0,63,0,0
40,929,251,0,63,0,0
41,929,251,0,63,0,0
42,929,251,0,63,0,0
43,929,251,0,63,0,0
44,929,251,0,63,0,0
45,929,251,0,63,0,0
46,929,251,0,63,0,0
47,929,251,0,63,0,0
48,929,251,0,63,0,0
49,929,251,0,63,0,0
50,929,251,0,63,0,0
51,916,261,0,63,0,202
52,914,261,0,63,0,202
53,916,262,0,63,0,202
54,920,262,0,63,0,202
55,924,263,0,63,0,202
56,921,264,0,63,0,202
57,925,264,0,63,0,202
58,929,265,0,63,0,202
59,932,266,0,63,0,202
60,937,267,0,63,0,202
61,936,267,0,63,0,202
62,937,267,0,63,0,202
63,942,268,0,63,0,202
64,939,268,0,63,0,202
65,944,269,0,63,0,202
66,944,270,0,63,0,202
67,942,271,0,63,0,202
68,947,271,0,63,0,202
69,947,272,0,63,0,202
70,944,272,0,63,0,202
71,948,272,0,63,0,202
72,946,272,0,63,0,202
73,942,273,0,63,0,202
74,947,273,0,63,0,202
75,943,274,0,63,0,202
76,942,274,0,63,0,202
77,944,275,0,63,0,202
78,944,275,0,63,0,202
79,946,275,0,63,0,202
80,949,275,0,63,0,202
81,952,276,0,63,0,202
82,952,276,0,63,0,202
83,956,276,0,63,0,202
84,958,277,0,63,0,202
85,958,277,0,63,0,202
86,957,277,0,63,0,202
87,959,277,0,63,0,202
88,962,277,0,63,0,202
89,964,277,0,63,0,202
90,964,277,0,63,0,202
91,966,278,0,63,0,202
92,965,278,0,63,0,202
93,966,278,0,63,0,202
94,965,279,0,63,0,202
95,966,280,0,63,0,202
96,963,280,0,63,0,202
97,961,281,0,63,0,202
98,961,282,0,63,0,202
99,963,282,0,63,0,202
100,962,282,0,63,0,202
101,966,283,0,63,0,202
102,967,283,0,63,0,202
103,972,284,0,63,0,202
104,976,285,0,63,0,202
105,972,285,0,63,0,202
106,976,286,0,63,0,202
107,972,286,0,63,0,202
108,969,286,0,63,0,202
109,974,286,0,63,0,202
110,979,287,0,63,0,202
111,980,288,0,63,0,202
112,978,288,0,63,0,202
113,977,288,0,63,0,202
114,978,288,0,63,0,202
115,979,289,0,63,0,202
116,979,289,0,63,0,202
117,978,290,0,63,0,202
118,983,291,0,63,0,202
119,980,292,0,63,0,202
120,978,293,0,63,0,202
121,983,293,0,63,0,202
122,987,294,0,63,0,202
123,987,294,0,63,0,202
124,989,294,0,63,0,202
125,988,295,0,63,0,202
126,992,295,0,63,0,202
127,988,295,0,63,0,202
128,992,295,0,63,0,202
129,994,295,0,63,0,202
130,998,296,0,63,0,202
131,1003,296,0,63,0,202
132,1007,296,0,63,0,202
133,1012,296,0,63,0,202
134,1011,297,0,63,0,202
135,1014,297,0,63,0,202
136,1018,297,0,63,0,202
137,1019,298,0,63,0,202
138,1023,298,0,63,0,202
139,1022,298,0,63,0,202
140,1019,299,0,63,0,202
141,1019,299,0,63,0,202
142,1020,300,0,63,0,202
143,1017,300,0,63,0,202
144,1020,301,0,63,0,202
145,1016,302,0,63,0,202
146,1015,303,0,63,0,202
147,1016,303,0,63,0,202
148,1019,304,0,63,0,202
149,1016,305,0,63,0,202
150,1021,305,0,63,0,202
151,1026,305,0,63,0,202
152,1026,306,0,63,0,202
153,1026,306,0,63,0,202
154,1025,306,0,63,0,202
155,1029,307,0,63,0,202
156,1029,308,0,63,0,202
157,1029,309,0,63,0,202
158,1029,309,0,63,0,202
159,1025,309,0,63,0,202
160,1029,310,0,63,0,202
161,1033,311,0,63,0,202
162,1037,311,0,63,0,202
163,1039,311,0,63,0,202
164,1035,311,0,63,0,202
165,1031,311,0,63,0,202
166,1033,312,0,63,0,202
167,1033,312,0,63,0,202
168,1036,312,0,63,0,202
169,1038,313,0,63,0,202
170,1041,313,0,63,0,202
171,1040,313,0,63,0,202
172,1043,313,0,63,0,202
173,1039,314,0,63,0,202
174,1043,314,0,63,0,202
175,1045,315,0,63,0,202
176,1047,315,0,63,0,202
177,1050,316,0,63,0,202
178,1049,317,0,63,0,202
179,1053,318,0,63,0,202
180,1054,318,0,63,0,202
181,1058,319,0,63,0,202
182,1054,319,0,63,0,202
183,1050,319,0,63,0,202
184,1049,319,0,63,0,202
185,1053,319,0,63,0,202
186,1052,319,0,63,0,202
187,1054,319,0,63,0,202
188,1056,319,0,63,0,202
189,1056,320,0,63,0,202
190,1053,320,0,63,0,202
191,1050,320,0,63,0,202
192,1054,320,0,63,0,202
193,1051,320,0,63,0,202
194,1052,321,0,63,202,202
0,961,246,0,167,0,0
1,961,246,0,167,0,0
2,961,246,0,167,0,0
3,961,246,0,167,0,0
4,961,246,0,167,0,0
5,961,246,0,167,0,0
6,961,246,0,167,0,0
7,961,246,0,167,0,0
8,961,246,0,167,0,0
9,961,246,0,167,0,0
10,961,246,0,167,0,0
11,961,246,0,167,0,0
12,961,246,0,167,0,0
13,961,246,0,167,0,0
14,961,246,0,167,0,0
15,961,246,0,167,0,0
16,961,246,0,167,0,0
17,961,246,0,167,0,0
18,961,246,0,167,0,0
19,961,246,0,167,0,0
20,961,246,0,167,0,0
21,961,246,0,167,0,0
22,961,246,0,167,0,0
23,961,246,0,167,0,0
24,961,246,0,167,0,0
25,961,246,0,167,0,0
26,961,246,0,167,0,0
27,961,246,0,167,0,0
28,961,246,0,167,0,0
29,961,246,0,167,0,0
30,961,246,0,167,0,0
31,961,246,0,167,0,0
32,961,246,0,167,0,0
33,961,246,0,167,0,0
34,961,246,0,167,0,0
35,961,246,0,167,0,0
36,961,246,0,167,0,0
37,961,246,0,167,0,0
38,961,246,0,167,0,0
39,961,246,0,167,0,0
40,961,246,0,167,0,0
41,961,246,0,167,0,0
42,961,246,0,167,0,0
43,961,246,0,167,0,0
44,961,246,0,167,0,0
45,961,246,0,167,0,0
46,961,246,0,167,0,0
47,961,246,0,167,0,0
48,961,246,0,167,0,0
49,961,246,0,167,0,0
50,961,246,0,167,0,0
51,960,253,0,167,0,202
52,957,254,0,167,0,202
53,959,254,0,167,0,202
54,957,255,0,167,0,202
55,961,256,0,167,0,202
56,965,257,0,167,0,202
57,962,258,0,167,0,202
58,962,258,0,167,0,202
59,967,258,0,167,0,202
60,971,258,0,167,0,202
61,970,258,0,167,0,202
62,973,258,0,167,0,202
63,974,259,0,167,0,202
64,972,260,0,167,0,202
65,977,260,0,167,0,202
66,973,261,0,167,0,202
67,970,262,0,167,0,202
68,972,262,0,167,0,202
69,968,262,0,167,0,202
70,972,262,0,167,0,202
71,975,262,0,167,0,202
72,980,262,0,167,0,202
73,983,263,0,167,0,202
74,987,264,0,167,0,202
75,990,264,0,167,0,202
76,990,265,0,167,0,202
77,991,265,0,167,0,202
78,992,266,0,167,0,202
79,996,266,0,167,0,202
80,997,266,0,167,0,202
81,997,266,0,167,0,202
82,1001,266,0,167,0,202
83,1004,266,0,167,0,202
84,1000,267,0,167,0,202
85,996,268,0,167,0,202
86,993,268,0,167,0,202
87,997,269,0,167,0,202
88,996,270,0,167,0,202
89,993,271,0,167,0,202
90,997,271,0,167,0,202
91,994,271,0,167,0,202
92,994,272,0,167,0,202
93,991,272,0,167,0,202
94,992,273,0,167,0,202
95,992,274,0,167,0,202
96,992,274,0,167,0,202
97,989,275,0,167,0,202
98,991,275,0,167,0,202
99,989,276,0,167,0,202
100,994,276,0,167,0,202
101,991,276,0,167,0,202
102,989,277,0,167,0,202
103,990,278,0,167,0,202
104,992,279,0,167,0,202
105,993,279,0,167,0,202
106,996,280,0,167,0,202
107,999,280,0,167,0,202
108,998,280,0,167,0,202
109,996,280,0,167,0,202
110,992,280,0,167,0,202
111,993,280,0,167,0,202
112,994,280,0,167,0,202
113,997,280,0,167,0,202
114,998,280,0,167,0,202
115,995,280,0,167,0,202
116,995,281,0,167,0,202
117,1000,282,0,167,0,202
118,1004,283,0,167,0,202
119,1002,284,0,167,0,202
120,1007,284,0,167,0,202
121,1009,285,0,167,0,202
122,1012,285,0,167,0,202
123,1008,286,0,167,0,202
124,1012,287,0,167,0,202
125,1016,287,0,167,0,202
126,1021,288,0,167,0,202
127,1020,288,0,167,0,202
128,1020,288,0,167,0,202
129,1019,288,0,167,0,202
130,1017,288,0,167,0,202
131,1013,288,0,167,0,202
132,1017,288,0,167,0,202
133,1019,289,0,167,0,202
134,1023,289,0,167,0,202
135,1028,289,0,167,0,202
136,1033,289,0,167,0,202
137,1034,289,0,167,0,202
138,1039,289,0,167,0,202
139,1039,289,0,167,0,202
140,1044,290,0,167,0,202
141,1046,291,0,167,0,202
142,1048,292,0,167,0,202
143,1045,293,0,167,0,202
144,1046,293,0,167,0,202
145,1047,293,0,167,0,202
146,1044,294,0,167,0,202
147,1042,294,0,167,0,202
148,1038,294,0,167,0,202
149,1040,295,0,167,0,202
150,1045,296,0,167,0,202
151,1049,296,0,167,0,202
152,1049,297,0,167,0,202
153,1045,297,0,167,0,202
154,1047,298,0,167,0,202
155,1047,298,0,167,0,202
156,1048,299,0,167,0,202
157,1049,300,0,167,0,202
158,1052,301,0,167,0,202
159,1057,302,0,167,0,202
160,1058,302,0,167,0,202
161,1059,303,0,167,0,202
162,1060,304,0,167,0,202
163,1056,304,0,167,0,202
164,1056,305,0,167,0,202
165,1054,305,0,167,0,202
166,1059,306,0,167,0,202
167,1056,306,0,167,0,202
168,1053,306,0,167,0,202
169,1056,307,0,167,0,202
170,1058,307,0,167,0,202
171,1055,307,0,167,0,202
172,1055,307,0,167,0,202
173,1053,308,0,167,0,202
174,1053,308,0,167,0,202
175,1056,309,0,167,0,202
176,1058,310,0,167,0,202
177,1060,310,0,167,0,202
178,1062,311,0,167,0,202
179,1067,312,0,167,0,202
180,1071,312,0,167,0,202
181,1073,312,0,167,0,202
182,1072,312,0,167,0,202
183,1074,313,0,167,0,202
184,1076,314,0,167,0,202
185,1077,315,0,167,0,202
186,1076,315,0,167,0,202
187,1081,315,0,167,0,202
188,1079,316,0,167,0,202
189,1080,317,0,167,0,202
190,1078,317,0,167,0,202
191,1081,318,0,167,0,202
192,1080,318,0,167,0,202
193,1085,319,0,167,0,202
194,1089,319,0,167,0,202
195,1094,319,0,167,0,202
196,1094,320,0,167,0,202
197,1090,320,0,167,0,202
198,1094,321,0,167,0,202
199,1090,322,0,167,0,202
200,1095,322,0,167,202,202
0,1048,243,0,437,0,0
1,1048,243,0,437,0,0
2,1048,243,0,437,0,0
3,1048,243,0,437,0,0
4,1048,243,0,437,0,0
5,1048,243,0,437,0,0
6,1048,243,0,437,0,0
7,1048,243,0,437,0,0
8,1048,243,0,437,0,0
9,1048,243,0,437,0,0
10,1048,243,0,437,0,0
11,1048,243,0,437,0,0
12,1048,243,0,437,0,0
13,1048,243,0,437,0,0
14,1048,243,0,437,0,0
15,1048,243,0,437,0,0
16,1048,243,0,437,0,0
17,1048,243,0,437,0,0
18,1048,243,0,437,0,0
19,1048,243,0,437,0,0
20,1048,243,0,437,0,0
21,1048,243,0,437,0,0
22,1048,243,0,437,0,0
23,1048,243,0,437,0,0
24,1048,243,0,437,0,0
25,1048,243,0,437,0,0
26,1048,243,0,437,0,0
27,1048,243,0,437,0,0
28,1048,243,0,437,0,0
29,1048,243,0,437,0,0
30,1048,243,0,437,0,0
31,1048,243,0,437,0,0
32,1048,243,0,437,0,0
33,1048,243,0,437,0,0
34,1048,243,0,437,0,0
35,1048,243,0,437,0,0
36,1048,243,0,437,0,0
37,1048,243,0,437,0,0
38,1048,243,0,437,0,0
39,1048,243,0,437,0,0
40,1048,243,0,437,0,0
41,1048,243,0,437,0,0
42,1048,243,0,437,0,0
43,1048,243,0,437,0,0
44,1048,243,0,437,0,0
45,1048,243,0,437,0,0
46,1048,243,0,437,0,0
47,1048,243,0,437,0,0
48,1048,243,0,437,0,0
49,1048,243,0,437,0,0
50,1048,243,0,437,0,0
51,1048,243,0,437,0,0
52,1048,243,0,437,0,0
53,986,243,0,437,0,303
54,984,243,0,437,0,303
55,979,243,0,437,0,303
56,977,243,0,437,0,303
57,969,243,0,437,0,303
58,965,243,0,437,0,303
59,958,243,0,437,0,303
60,949,243,0,437,0,303
61,946,243,0,437,0,303
62,943,243,0,437,0,303
63,937,243,0,437,0,303
64,928,243,0,437,0,303
65,924,243,0,437,0,303
66,916,243,0,437,0,303
67,910,243,0,437,0,303
68,902,243,0,437,0,303
69,896,243,0,437,0,303
70,889,243,0,437,0,303
71,888,243,0,437,0,303
72,880,243,0,437,0,303
73,877,243,0,437,303,303
0,991,245,0,268,0,0
1,991,245,0,268,0,0
2,991,245,0,268,0,0
3,991,245,0,268,0,0
4,991,245,0,268,0,0
5,991,245,0,268,0,0
6,991,245,0,268,0,0
7,991,245,0,268,0,0
8,991,245,0,268,0,0
9,991,245,0,268,0,0
10,991,245,0,268,0,0
11,991,245,0,268,0,0
12,991,245,0,268,0,0
13,991,245,0,268,0,0
14,991,245,0,268,0,0
15,991,245,0,268,0,0
16,991,245,0,268,0,0
17,991,245,0,268,0,0
18,991,245,0,268,0,0
19,991,245,0,268,0,0
20,991,245,0,268,0,0
21,991,245,0,268,0,0
22,991,245,0,268,0,0
23,991,245,0,268,0,0
24,991,245,0,268,0,0
25,991,245,0,268,0,0
26,991,245,0,268,0,0
27,991,245,0,268,0,0
28,991,245,0,268,0,0
29,991,245,0,268,0,0
30,991,245,0,268,0,0
31,991,245,0,268,0,0
32,991,245,0,268,0,0
33,991,245,0,268,0,0
34,991,245,0,268,0,0
35,991,245,0,268,0,0
36,991,245,0,268,0,0
37,991,245,0,268,0,0
38,991,245,0,268,0,0
39,991,245,0,268,0,0
40,991,245,0,268,0,0
41,991,245,0,268,0,0
42,991,245,0,268,0,0
43,991,245,0,268,0,0
44,991,245,0,268,0,0
45,991,245,0,268,0,0
46,991,245,0,268,0,0
47,991,245,0,268,0,0
48,991,245,0,268,0,0
49,991,245,0,268,0,0
50,991,245,0,268,0,0
51,991,245,0,268,0,0
52,966,245,0,268,0,101
53,963,245,0,268,0,101
54,962,245,0,268,0,101
55,962,245,0,268,0,101
56,959,245,0,268,0,101
57,957,245,0,268,0,101
58,956,245,0,268,0,101
59,952,245,1,268,0,101
60,952,245,0,268,0,101
61,950,245,0,268,0,101
62,950,245,0,268,0,101
63,949,245,0,268,0,101
64,945,245,0,268,0,101
65,943,245,0,268,0,101
66,941,245,0,268,0,101
67,941,245,1,268,0,101
68,941,245,0,268,0,101
69,937,245,0,268,0,101
70,936,245,0,268,0,101
71,934,245,0,268,0,101
72,934,245,0,268,0,101
73,933,245,0,268,0,101
74,929,245,0,268,0,101
75,929,245,0,268,0,101
76,925,245,0,268,0,101
77,921,245,0,268,0,101
78,917,245,1,268,0,101
79,915,245,0,268,0,101
80,915,245,0,268,0,101
81,915,245,0,268,0,101
82,911,245,0,268,0,101
83,909,245,0,268,0,101
84,907,245,0,268,0,101
85,905,245,1,268,0,101
86,901,245,0,268,0,101
87,900,245,0,268,0,101
88,899,245,0,268,0,101
89,899,245,0,268,0,101
90,896,245,0,268,0,101
91,892,245,0,268,0,101
92,888,245,0,268,0,101
93,887,245,0,268,0,101
94,885,245,0,268,0,101
95,881,245,0,268,0,101
96,879,245,0,268,0,101
97,875,245,0,268,0,101
98,873,245,0,268,0,101
99,873,245,0,268,0,101
100,873,245,0,268,0,101
101,873,245,0,268,0,101
102,871,245,0,268,0,101
103,869,245,0,268,0,101
104,868,245,0,268,0,101
105,868,245,0,268,0,101
106,865,245,0,268,0,101
107,862,245,0,268,0,101
108,860,245,0,268,0,101
109,857,245,1,268,0,101
110,857,245,0,268,101,101
0,943,248,0,50,0,0
1,943,248,0,50,0,0
2,943,248,0,50,0,0
3,943,248,0,50,0,0
4,943,248,0,50,0,0
5,943,248,0,50,0,0
6,943,248,0,50,0,0
7,943,248,0,50,0,0
8,943,248,0,50,0,0
9,943,248,0,50,0,0
10,943,248,0,50,0,0
11,943,248,0,50,0,0
12,943,248,0,50,0,0
13,943,248,0,50,0,0
14,943,248,0,50,0,0
15,943,248,0,50,0,0
16,943,248,0,50,0,0
17,943,248,0,50,0,0
18,943,248,0,50,0,0
19,943,248,0,50,0,0
20,943,248,0,50,0,0
21,943,248,0,50,0,0
22,943,248,0,50,0,0
23,943,248,0,50,0,0
24,943,248,0,50,0,0
25,943,248,0,50,0,0
26,943,248,0,50,0,0
27,943,248,0,50,0,0
28,943,248,0,50,0,0
29,943,248,0,50,0,0
30,943,248,0,50,0,0
31,943,248,0,50,0,0
32,943,248,0,50,0,0
33,943,248,0,50,0,0
34,943,248,0,50,0,0
35,943,248,0,50,0,0
36,943,248,0,50,0,0
37,943,248,0,50,0,0
38,943,248,0,50,0,0
39,943,248,0,50,0,0
40,943,248,0,50,0,0
41,943,248,0,50,0,0
42,943,248,0,50,0,0
43,943,248,0,50,0,0
44,943,248,0,50,0,0
45,943,248,0,50,0,0
46,943,248,0,50,0,0
47,943,248,0,50,0,0
48,943,248,0,50,0,0
49,943,248,0,50,0,0
50,943,248,0,50,0,0
51,943,248,0,50,0,0
52,900,248,0,50,0,101
53,899,248,0,50,0,101
54,899,248,0,50,0,101
55,895,248,0,50,0,101
56,891,248,0,50,0,101
57,889,248,0,50,0,101
58,887,248,0,50,0,101
59,884,248,0,50,0,101
60,884,248,0,50,0,101
61,882,248,1,50,0,101
62,882,248,0,50,0,101
63,878,248,0,50,0,101
64,874,248,0,50,0,101
65,871,248,0,50,0,101
66,871,248,0,50,0,101
67,868,248,0,50,0,101
68,867,248,0,50,0,101
69,864,248,0,50,0,101
70,860,248,0,50,0,101
71,858,248,0,50,0,101
72,857,248,0,50,0,101
73,853,248,0,50,0,101
74,849,248,0,50,0,101
75,845,248,0,50,0,101
76,843,248,0,50,0,101
77,842,248,0,50,0,101
78,839,248,0,50,0,101
79,836,248,0,50,0,101
80,833,248,0,50,0,101
81,829,248,0,50,0,101
82,825,248,0,50,0,101
83,824,248,1,50,0,101
84,821,248,0,50,0,101
85,820,248,0,50,0,101
86,816,248,0,50,0,101
87,816,248,0,50,0,101
88,814,248,0,50,0,101
89,811,248,0,50,0,101
90,810,248,0,50,0,101
91,807,248,0,50,0,101
92,807,248,0,50,0,101
93,804,248,0,50,0,101
94,801,248,0,50,0,101
95,799,248,0,50,0,101
96,799,248,0,50,0,101
97,795,248,0,50,0,101
98,794,248,0,50,0,101
99,793,248,0,50,0,101
100,789,248,0,50,0,101
101,785,248,0,50,0,101
102,785,248,0,50,0,101
103,783,248,0,50,0,101
104,782,248,0,50,0,101
105,779,248,0,50,0,101
106,777,248,0,50,0,101
107,773,248,0,50,0,101
108,769,248,0,50,0,101
109,769,248,0,50,0,101
110,766,248,0,50,0,101
111,765,248,0,50,0,101
112,763,248,0,50,0,101
113,763,248,0,50,0,101
114,760,248,0,50,0,101
115,756,248,0,50,0,101
116,753,248,0,50,0,101
117,751,248,0,50,0,101
118,751,248,0,50,0,101
119,748,248,0,50,0,101
120,746,248,0,50,0,101
121,742,248,0,50,0,101
122,742,248,0,50,0,101
123,742,248,0,50,0,101
124,738,248,0,50,0,101
125,736,248,0,50,0,101
126,733,248,0,50,0,101
127,731,248,0,50,0,101
128,727,248,0,50,0,101
129,727,248,0,50,0,101
130,725,248,0,50,0,101
131,724,248,0,50,0,101
132,722,248,0,50,0,101
133,718,248,0,50,0,101
134,718,248,0,50,0,101
135,714,248,0,50,0,101
136,714,248,0,50,0,101
137,711,248,0,50,0,101
138,710,248,0,50,0,101
139,706,248,0,50,0,101
140,702,248,0,50,0,101
141,701,248,0,50,0,101
142,697,248,0,50,0,101
143,693,248,0,50,0,101
144,690,248,0,50,0,101
145,690,248,0,50,0,101
146,689,248,0,50,0,101
147,689,248,0,50,0,101
148,685,248,0,50,0,101
149,682,248,0,50,0,101
150,678,248,0,50,0,101
151,675,248,1,50,0,101
152,674,248,0,50,0,101
153,672,248,0,50,0,101
154,671,248,0,50,0,101
155,670,248,0,50,0,101
156,666,248,0,50,0,101
157,665,248,0,50,0,101
158,665,248,0,50,0,101
159,665,248,0,50,0,101
160,664,248,0,50,0,101
161,664,248,0,50,0,101
162,660,248,0,50,0,101
163,656,248,0,50,0,101
164,654,248,0,50,0,101
165,650,248,0,50,0,101
166,649,248,0,50,0,101
167,648,248,0,50,0,101
168,645,248,0,50,0,101
169,641,248,0,50,0,101
170,639,248,0,50,0,101
171,639,248,0,50,0,101
172,639,248,0,50,0,101
173,638,248,0,50,0,101
174,637,248,0,50,0,101
175,633,248,0,50,0,101
176,629,248,0,50,0,101
177,629,248,0,50,0,101
178,628,248,0,50,0,101
179,625,248,0,50,0,101
180,621,248,0,50,0,101
181,618,248,0,50,0,101
182,616,248,0,50,0,101
183,616,248,0,50,0,101
184,612,248,0,50,0,101
185,609,248,0,50,0,101
186,608,248,0,50,0,101
187,605,248,0,50,0,101
188,604,248,0,50,0,101
189,604,248,0,50,0,101
190,600,248,0,50,0,101
191,596,248,0,50,0,101
192,595,248,0,50,0,101
193,594,248,0,50,0,101
194,591,248,0,50,0,101
195,590,248,0,50,0,101
196,589,248,0,50,0,101
197,587,248,0,50,0,101
198,585,248,0,50,0,101
199,583,248,0,50,0,101
200,580,248,0,50,0,101
201,580,248,0,50,0,101
202,577,248,0,50,0,101
203,575,248,0,50,0,101
204,573,248,0,50,0,101
205,572,248,0,50,0,101
206,569,248,0,50,0,101
207,566,248,0,50,0,101
208,563,248,0,50,0,101
209,560,248,0,50,0,101
210,558,248,0,50,0,101
211,557,248,0,50,0,101
212,553,248,0,50,0,101
213,550,248,0,50,0,101
214,546,248,0,50,0,101
215,546,248,0,50,0,101
216,542,248,0,50,0,101
217,538,248,0,50,0,101
218,536,248,0,50,0,101
219,532,248,0,50,0,101
220,528,248,0,50,0,101
221,526,248,0,50,0,101
222,523,248,0,50,0,101
223,521,248,0,50,0,101
224,517,248,0,50,0,101
225,516,248,0,50,0,101
226,516,248,0,50,0,101
227,512,248,0,50,0,101
228,512,248,0,50,0,101
229,512,248,0,50,0,101
230,512,248,0,50,0,101
231,508,248,0,50,0,101
232,508,248,0,50,0,101
233,508,248,1,50,0,101
234,508,248,0,50,0,101
235,505,248,0,50,0,101
236,504,248,0,50,0,101
237,500,248,0,50,0,101
238,500,248,0,50,0,101
239,497,248,0,50,0,101
240,496,248,0,50,0,101
241,494,248,0,50,0,101
242,492,248,0,50,0,101
243,489,248,0,50,0,101
244,487,248,0,50,0,101
245,486,248,0,50,0,101
246,485,248,0,50,0,101
247,482,248,0,50,0,101
248,481,248,0,50,0,101
249,479,248,0,50,0,101
250,476,248,0,50,0,101
251,475,248,0,50,0,101
252,474,248,0,50,0,101
253,474,248,0,50,0,101
254,473,248,0,50,0,101
255,472,248,0,50,0,101
256,470,248,0,50,0,101
257,469,248,0,50,0,101
258,467,248,0,50,0,101
259,464,248,0,50,0,101
260,460,248,0,50,0,101
261,456,248,0,50,0,101
262,456,248,0,50,0,101
263,456,248,0,50,0,101
264,455,248,0,50,0,101
265,454,248,0,50,0,101
266,451,248,0,50,0,101
267,451,248,1,50,0,101
268,448,248,0,50,0,101
269,446,248,0,50,0,101
270,446,248,0,50,101,101
0,1077,256,0,56,0,0
1,1077,256,0,56,0,0
2,1077,256,0,56,0,0
3,1077,256,0,56,0,0
4,1077,256,0,56,0,0
5,1077,256,0,56,0,0
6,1077,256,0,56,0,0
7,1077,256,0,56,0,0
8,1077,256,0,56,0,0
9,1077,256,0,56,0,0
10,1077,256,0,56,0,0
11,1077,256,0,56,0,0
12,1077,256,0,56,0,0
13,1077,256,0,56,0,0
14,1077,256,0,56,0,0
15,1077,256,0,56,0,0
16,1077,256,0,56,0,0
17,1077,256,0,56,0,0
18,1077,256,0,56,0,0
19,1077,256,0,56,0,0
20,1077,256,0,56,0,0
21,1077,256,0,56,0,0
22,1077,256,0,56,0,0
23,1077,256,0,56,0,0
24,1077,256,0,56,0,0
25,1077,256,0,56,0,0
26,1077,256,0,56,0,0
27,1077,256,0,56,0,0
28,1077,256,0,56,0,0
29,1077,256,0,56,0,0
30,1077,256,0,56,0,0
31,1077,256,0,56,0,0
32,1077,256,0,56,0,0
33,1077,256,0,56,0,0
34,1077,256,0,56,0,0
35,1077,256,0,56,0,0
36,1077,256,0,56,0,0
37,1077,256,0,56,0,0
38,1077,256,0,56,0,0
39,1077,256,0,56,0,0
40,1077,256,0,56,0,0
41,1077,256,0,56,0,0
42,1077,256,0,56,0,0
43,1077,256,0,56,0,0
44,1077,256,0,56,0,0
45,1077,256,0,56,0,0
46,1077,256,0,56,0,0
47,1077,256,0,56,0,0
48,1077,256,0,56,0,0
49,1077,256,0,56,0,0
50,1077,256,0,56,0,0
51,1077,256,0,56,0,0
52,1077,256,0,56,0,0
53,1077,256,0,56,0,0
54,1049,256,0,56,0,101
55,1049,256,0,56,0,101
56,1048,256,0,56,0,101
57,1047,256,0,56,0,101
58,1043,256,1,56,0,101
59,1041,256,0,56,0,101
60,1039,256,0,56,0,101
61,1038,256,0,56,0,101
62,1034,256,0,56,0,101
63,1030,256,0,56,0,101
64,1029,256,0,56,0,101
65,1028,256,0,56,0,101
66,1026,256,0,56,0,101
67,1024,256,0,56,0,101
68,1021,256,0,56,0,101
69,1017,256,0,56,0,101
70,1015,256,0,56,0,101
71,1013,256,0,56,0,101
72,1009,256,0,56,0,101
73,1005,256,0,56,0,101
74,1001,256,0,56,0,101
75,1001,256,0,56,0,101
76,1000,256,0,56,0,101
77,999,256,0,56,0,101
78,998,256,0,56,0,101
79,995,256,0,56,0,101
80,991,256,0,56,0,101
81,990,256,0,56,0,101
82,989,256,0,56,0,101
83,989,256,1,56,0,101
84,989,256,0,56,0,101
85,989,256,0,56,0,101
86,989,256,0,56,0,101
87,989,256,0,56,0,101
88,987,256,0,56,0,101
89,983,256,0,56,0,101
90,983,256,0,56,0,101
91,982,256,0,56,0,101
92,980,256,0,56,0,101
93,978,256,0,56,0,101
94,975,256,0,56,0,101
95,972,256,0,56,0,101
96,970,256,0,56,0,101
97,967,256,0,56,0,101
98,965,256,0,56,0,101
99,961,256,0,56,0,101
100,959,256,0,56,0,101
101,957,256,0,56,0,101
102,956,256,0,56,0,101
103,952,256,0,56,0,101
104,949,256,0,56,0,101
105,948,256,0,56,0,101
106,944,256,0,56,0,101
107,944,256,0,56,0,101
108,941,256,1,56,0,101
109,939,256,0,56,0,101
110,938,256,0,56,0,101
111,935,256,0,56,0,101
112,932,256,0,56,0,101
113,931,256,0,56,0,101
114,931,256,0,56,0,101
115,931,256,0,56,0,101
116,931,256,0,56,0,101
117,927,256,0,56,0,101
118,925,256,0,56,0,101
119,922,256,0,56,0,101
120,919,256,0,56,0,101
121,916,256,0,56,0,101
122,913,256,0,56,0,101
123,911,256,0,56,0,101
124,910,256,0,56,0,101
125,908,256,0,56,0,101
126,908,256,0,56,0,101
127,907,256,0,56,0,101
128,906,256,0,56,0,101
129,904,256,0,56,0,101
130,903,256,0,56,0,101
131,899,256,1,56,0,101
132,895,256,0,56,0,101
133,891,256,0,56,0,101
134,890,256,0,56,0,101
135,886,256,0,56,0,101
136,886,256,1,56,0,101
137,885,256,0,56,0,101
138,882,256,0,56,0,101
139,882,256,0,56,101,101
0,1009,246,0,45,0,0
1,1009,246,0,45,0,0
2,1009,246,0,45,0,0
3,1009,246,0,45,0,0
4,1009,246,0,45,0,0
5,1009,246,0,45,0,0
6,1009,246,0,45,0,0
7,1009,246,0,45,0,0
8,1009,246,0,45,0,0
9,1009,246,0,45,0,0
10,1009,246,0,45,0,0
11,1009,246,0,45,0,0
12,1009,246,0,45,0,0
13,1009,246,0,45,0,0
14,1009,246,0,45,0,0
15,1009,246,0,45,0,0
16,1009,246,0,45,0,0
17,1009,246,0,45,0,0
18,1009,246,0,45,0,0
19,1009,246,0,45,0,0
20,1009,246,0,45,0,0
21,1009,246,0,45,0,0
22,1009,246,0,45,0,0
23,1009,246,0,45,0,0
24,1009,246,0,45,0,0
25,1009,246,0,45,0,0
26,1009,246,0,45,0,0
27,1009,246,0,45,0,0
28,1009,246,0,45,0,0
29,1009,246,0,45,0,0
30,1009,246,0,45,0,0
31,1009,246,0,45,0,0
32,1009,246,0,45,0,0
33,1009,246,0,45,0,0
34,1009,246,0,45,0,0
35,1009,246,0,45,0,0
36,1009,246,0,45,0,0
37,1009,246,0,45,0,0
38,1009,246,0,45,0,0
39,1009,246,0,45,0,0
40,1009,246,0,45,0,0
41,1009,246,0,45,0,0
42,1009,246,0,45,0,0
43,1009,246,0,45,0,0
44,1009,246,0,45,0,0
45,1009,246,0,45,0,0
46,1009,246,0,45,0,0
47,1009,246,0,45,0,0
48,1009,246,0,45,0,0
49,1009,246,0,45,0,0
50,1009,246,0,45,0,0
51,1009,246,0,45,0,0
52,1009,246,0,45,0,0
53,1009,246,0,45,0,0
54,1014,252,0,45,0,202
55,1019,252,0,45,0,202
56,1021,252,0,45,0,202
57,1019,252,0,45,0,202
58,1020,252,0,45,0,202
59,1024,252,0,45,0,202
60,1022,252,0,45,0,202
61,1025,253,0,45,0,202
62,1024,254,0,45,0,202
63,1027,254,0,45,0,202
64,1024,255,0,45,0,202
65,1028,255,0,45,0,202
66,1031,256,0,45,0,202
67,1033,256,0,45,0,202
68,1033,256,0,45,0,202
69,1036,256,0,45,0,202
70,1039,257,0,45,0,202
71,1043,258,0,45,0,202
72,1039,259,0,45,0,202
73,1044,259,0,45,0,202
74,1048,260,0,45,0,202
75,1050,261,0,45,0,202
76,1048,261,0,45,0,202
77,1045,262,0,45,0,202
78,1049,263,0,45,0,202
79,1054,264,0,45,0,202
80,1058,264,0,45,0,202
81,1062,265,0,45,0,202
82,1067,266,0,45,0,202
83,1064,266,0,45,0,202
84,1065,266,0,45,0,202
85,1069,266,0,45,0,202
86,1069,266,0,45,0,202
87,1074,266,0,45,0,202
88,1074,266,0,45,0,202
89,1071,266,0,45,0,202
90,1067,267,0,45,0,202
91,1068,267,0,45,0,202
92,1064,268,0,45,0,202
93,1068,268,0,45,0,202
94,1068,269,0,45,0,202
95,1068,269,0,45,0,202
96,1064,270,0,45,0,202
97,1061,270,0,45,0,202
98,1062,270,0,45,0,202
99,1066,270,0,45,0,202
100,1071,270,0,45,0,202
101,1076,270,0,45,0,202
102,1076,270,0,45,0,202
103,1077,270,0,45,0,202
104,1079,270,0,45,0,202
105,1079,270,0,45,0,202
106,1075,270,0,45,0,202
107,1077,270,0,45,0,202
108,1074,270,0,45,0,202
109,1074,270,0,45,0,202
110,1077,271,0,45,0,202
111,1079,272,0,45,0,202
112,1079,273,0,45,0,202
113,1080,273,0,45,0,202
114,1078,273,0,45,0,202
115,1076,273,0,45,0,202
116,1075,274,0,45,0,202
117,1072,274,0,45,0,202
118,1077,274,0,45,0,202
119,1076,275,0,45,0,202
120,1079,276,0,45,0,202
121,1081,277,0,45,0,202
122,1079,278,0,45,0,202
123,1080,278,0,45,0,202
124,1079,278,0,45,0,202
125,1075,278,0,45,0,202
126,1077,278,0,45,0,202
127,1080,278,0,45,0,202
128,1078,278,0,45,0,202
129,1078,279,0,45,0,202
130,1083,279,0,45,0,202
131,1082,279,0,45,0,202
132,1083,279,0,45,0,202
133,1087,280,0,45,0,202
134,1085,281,0,45,0,202
135,1089,281,0,45,0,202
136,1092,282,0,45,0,202
137,1096,282,0,45,0,202
138,1092,283,0,45,0,202
139,1094,284,0,45,0,202
140,1097,284,0,45,0,202
141,1100,285,0,45,0,202
142,1105,286,0,45,0,202
143,1107,286,0,45,0,202
144,1110,287,0,45,0,202
145,1115,287,0,45,0,202
146,1116,287,0,45,0,202
147,1121,288,0,45,0,202
148,1125,289,0,45,0,202
149,1126,290,0,45,0,202
150,1131,291,0,45,0,202
151,1130,291,0,45,0,202
152,1128,292,0,45,0,202
153,1125,293,0,45,0,202
154,1130,293,0,45,0,202
155,1128,293,0,45,0,202
156,1129,294,0,45,0,202
157,1125,295,0,45,0,202
158,1129,296,0,45,0,202
159,1133,297,0,45,0,202
160,1133,297,0,45,0,202
161,1136,297,0,45,0,202
162,1134,298,0,45,0,202
163,1135,298,0,45,0,202
164,1134,299,0,45,0,202
165,1139,299,0,45,0,202
166,1142,299,0,45,0,202
167,1144,300,0,45,0,202
168,1147,300,0,45,0,202
169,1143,301,0,45,0,202
170,1146,301,0,45,0,202
171,1151,302,0,45,0,202
172,1148,303,0,45,0,202
173,1147,304,0,45,0,202
174,1149,305,0,45,0,202
175,1149,306,0,45,0,202
176,1145,306,0,45,0,202
177,1145,306,0,45,0,202
178,1146,307,0,45,0,202
179,1144,308,0,45,0,202
180,1146,308,0,45,0,202
181,1142,308,0,45,0,202
182,1144,309,0,45,0,202
183,1142,309,0,45,0,202
184,1147,310,0,45,0,202
185,1143,311,0,45,0,202
186,1144,311,0,45,0,202
187,1143,311,0,45,0,202
188,1148,311,0,45,0,202
189,1150,312,0,45,0,202
190,1155,312,0,45,0,202
191,1155,313,0,45,0,202
192,1154,313,0,45,0,202
193,1152,313,0,45,0,202
194,1157,314,0,45,0,202
195,1160,315,0,45,0,202
196,1159,315,0,45,0,202
197,1162,316,0,45,0,202
198,1165,316,0,45,0,202
199,1164,317,0,45,0,202
200,1169,318,0,45,0,202
201,1174,319,0,45,0,202
202,1173,319,0,45,0,202
203,1174,320,0,45,0,202
204,1178,320,0,45,0,202
205,1179,320,0,45,0,202
206,1180,320,0,45,0,202
207,1180,320,0,45,0,202
208,1180,320,0,45,0,202
209,1185,321,0,45,202,202
0,935,256,0,397,0,0
1,935,256,0,397,0,0
2,935,256,0,397,0,0
3,935,256,0,397,0,0
4,935,256,0,397,0,0
5,935,256,0,397,0,0
6,935,256,0,397,0,0
7,935,256,0,397,0,0
8,935,256,0,397,0,0
9,935,256,0,397,0,0
10,935,256,0,397,0,0
11,935,256,0,397,0,0
12,935,256,0,397,0,0
13,935,256,0,397,0,0
14,935,256,0,397,0,0
15,935,256,0,397,0,0
16,935,256,0,397,0,0
17,935,256,0,397,0,0
18,935,256,0,397,0,0
19,935,256,0,397,0,0
20,935,256,0,397,0,0
21,935,256,0,397,0,0
22,935,256,0,397,0,0
23,935,256,0,397,0,0
24,935,256,0,397,0,0
25,935,256,0,397,0,0
26,935,256,0,397,0,0
27,935,256,0,397,0,0
28,935,256,0,397,0,0
29,935,256,0,397,0,0
30,935,256,0,397,0,0
31,935,256,0,397,0,0
32,935,256,0,397,0,0
33,935,256,0,397,0,0
34,935,256,0,397,0,0
35,935,256,0,397,0,0
36,935,256,0,397,0,0
37,935,256,0,397,0,0
38,935,256,0,397,0,0
39,935,256,0,397,0,0
40,935,256,0,397,0,0
41,935,256,0,397,0,0
42,935,256,0,397,0,0
43,935,256,0,397,0,0
44,935,256,0,397,0,0
45,935,256,0,397,0,0
46,935,256,0,397,0,0
47,935,256,0,397,0,0
48,935,256,0,397,0,0
49,935,256,0,397,0,0
50,935,256,0,397,0,0
51,935,256,0,397,0,0
52,935,256,0,397,0,0
53,935,256,0,397,0,0
54,935,256,0,397,0,0
55,852,256,0,397,303,303
0,1028,241,0,3,0,0
1,1028,241,0,3,0,0
2,1028,241,0,3,0,0
3,1028,241,0,3,0,0
4,1028,241,0,3,0,0
5,1028,241,0,3,0,0
6,1028,241,0,3,0,0
7,1028,241,0,3,0,0
8,1028,241,0,3,0,0
9,1028,241,0,3,0,0
10,1028,241,0,3,0,0
11,1028,241,0,3,0,0
12,1028,241,0,3,0,0
13,1028,241,0,3,0,0
14,1028,241,0,3,0,0
15,1028,241,0,3,0,0
16,1028,241,0,3,0,0
17,1028,241,0,3,0,0
18,1028,241,0,3,0,0
19,1028,241,0,3,0,0
20,1028,241,0,3,0,0
21,1028,241,0,3,0,0
22,1028,241,0,3,0,0
23,1028,241,0,3,0,0
24,1028,241,0,3,0,0
25,1028,241,0,3,0,0
26,1028,241,0,3,0,0
27,1028,241,0,3,0,0
28,1028,241,0,3,0,0
29,1028,241,0,3,0,0
30,1028,241,0,3,0,0
31,1028,241,0,3,0,0
32,1028,241,0,3,0,0
33,1028,241,0,3,0,0
34,1028,241,0,3,0,0
35,1028,241,0,3,0,0
36,1028,241,0,3,0,0
37,1028,241,0,3,0,0
38,1028,241,0,3,0,0
39,1028,241,0,3,0,0
40,1028,241,0,3,0,0
41,1028,241,0,3,0,0
42,1028,241,0,3,0,0
43,1028,241,0,3,0,0
44,1028,241,0,3,0,0
45,1028,241,0,3,0,0
46,1028,241,0,3,0,0
47,1028,241,0,3,0,0
48,1028,241,0,3,0,0
49,1028,241,0,3,0,0
50,1028,241,0,3,0,0
51,1028,241,0,3,0,0
52,1028,241,0,3,0,0
53,1028,241,0,3,0,0
54,1028,241,0,3,0,0
55,1026,247,0,3,0,202
56,1031,247,0,3,0,202
57,1036,248,0,3,0,202
58,1032,248,0,3,0,202
59,1034,249,0,3,0,202
60,1031,249,0,3,0,202
61,1030,249,0,3,0,202
62,1033,249,0,3,0,202
63,1038,250,0,3,0,202
64,1043,251,0,3,0,202
65,1043,251,0,3,0,202
66,1046,251,0,3,0,202
67,1050,251,0,3,0,202
68,1050,252,0,3,0,202
69,1048,252,0,3,0,202
70,1052,252,0,3,0,202
71,1057,253,0,3,0,202
72,1059,253,0,3,0,202
73,1057,254,0,3,0,202
74,1060,255,0,3,0,202
75,1056,255,0,3,0,202
76,1055,256,0,3,0,202
77,1053,256,0,3,0,202
78,1049,256,0,3,0,202
79,1048,256,0,3,0,202
80,1050,256,0,3,0,202
81,1049,257,0,3,0,202
82,1047,257,0,3,0,202
83,1049,258,0,3,0,202
84,1049,259,0,3,0,202
85,1051,260,0,3,0,202
86,1049,261,0,3,0,202
87,1046,261,0,3,0,202
88,1050,261,0,3,0,202
89,1048,261,0,3,0,202
90,1046,262,0,3,0,202
91,1046,263,0,3,0,202
92,1044,263,0,3,0,202
93,1043,264,0,3,0,202
94,1045,265,0,3,0,202
95,1045,266,0,3,0,202
96,1048,267,0,3,0,202
97,1048,267,0,3,0,202
98,1048,268,0,3,0,202
99,1046,268,0,3,0,202
100,1042,268,0,3,0,202
101,1039,269,0,3,0,202
102,1039,270,0,3,0,202
103,1037,271,0,3,0,202
104,1040,271,0,3,0,202
105,1038,272,0,3,0,202
106,1034,273,0,3,0,202
107,1037,273,0,3,0,202
108,1033,274,0,3,0,202
109,1032,275,0,3,0,202
110,1035,275,0,3,0,202
111,1034,276,0,3,0,202
112,1038,277,0,3,0,202
113,1042,278,0,3,0,202
114,1044,279,0,3,0,202
115,1041,280,0,3,0,202
116,1040,280,0,3,0,202
117,1037,281,0,3,0,202
118,1036,281,0,3,0,202
119,1040,281,0,3,0,202
120,1044,281,0,3,0,202
121,1045,282,0,3,0,202
122,1045,282,0,3,0,202
123,1050,282,0,3,0,202
124,1048,282,0,3,0,202
125,1051,283,0,3,0,202
126,1049,283,0,3,0,202
127,1054,284,0,3,0,202
128,1057,284,0,3,0,202
129,1062,285,0,3,0,202
130,1065,285,0,3,0,202
131,1068,285,0,3,0,202
132,1065,286,0,3,0,202
133,1064,287,0,3,0,202
134,1064,287,0,3,0,202
135,1060,288,0,3,0,202
136,1059,289,0,3,0,202
137,1058,289,0,3,0,202
138,1063,289,0,3,0,202
139,1068,289,0,3,0,202
140,1070,290,0,3,0,202
141,1074,290,0,3,0,202
142,1070,290,0,3,0,202
143,1067,290,0,3,0,202
144,1069,290,0,3,0,202
145,1073,290,0,3,0,202
146,1069,291,0,3,0,202
147,1069,291,0,3,0,202
148,1071,291,0,3,0,202
149,1076,292,0,3,0,202
150,1077,292,0,3,0,202
151,1077,293,0,3,0,202
152,1080,293,0,3,0,202
153,1084,294,0,3,0,202
154,1085,294,0,3,0,202
155,1085,295,0,3,0,202
156,1087,295,0,3,0,202
157,1085,295,0,3,0,202
158,1081,295,0,3,0,202
159,1083,295,0,3,0,202
160,1082,296,0,3,0,202
161,1085,296,0,3,0,202
162,1082,297,0,3,0,202
163,1082,298,0,3,0,202
164,1080,299,0,3,0,202
165,1080,299,0,3,0,202
166,1077,299,0,3,0,202
167,1075,299,0,3,0,202
168,1080,299,0,3,0,202
169,1076,299,0,3,0,202
170,1078,299,0,3,0,202
171,1077,299,0,3,0,202
172,1073,300,0,3,0,202
173,1069,300,0,3,0,202
174,1065,301,0,3,0,202
175,1064,301,0,3,0,202
176,1069,302,0,3,0,202
177,1071,303,0,3,0,202
178,1070,304,0,3,0,202
179,1066,304,0,3,0,202
180,1064,304,0,3,0,202
181,1069,305,0,3,0,202
182,1074,305,0,3,0,202
183,1076,305,0,3,0,202
184,1075,306,0,3,0,202
185,1080,306,0,3,0,202
186,1078,306,0,3,0,202
187,1077,307,0,3,0,202
188,1075,308,0,3,0,202
189,1076,308,0,3,0,202
190,1079,308,0,3,0,202
191,1083,308,0,3,0,202
192,1080,309,0,3,0,202
193,1080,309,0,3,0,202
194,1077,309,0,3,0,202
195,1076,309,0,3,0,202
196,1080,310,0,3,0,202
197,1085,310,0,3,0,202
198,1081,310,0,3,0,202
199,1084,310,0,3,0,202
200,1087,311,0,3,0,202
201,1088,311,0,3,0,202
202,1088,311,0,3,0,202
203,1093,311,0,3,0,202
204,1095,312,0,3,0,202
205,1091,312,0,3,0,202
206,1096,313,0,3,0,202
207,1099,313,0,3,0,202
208,1104,314,0,3,0,202
209,1102,315,0,3,0,202
210,1104,316,0,3,0,202
211,1105,316,0,3,0,202
212,1101,316,0,3,0,202
213,1100,316,0,3,0,202
214,1098,317,0,3,0,202
215,1100,318,0,3,0,202
216,1099,319,0,3,0,202
217,1102,320,0,3,0,202
218,1099,321,0,3,0,202
219,1104,322,0,3,0,202
220,1105,323,0,3,0,202
221,1104,324,0,3,202,202
0,1070,260,0,237,0,0
1,1070,260,0,237,0,0
2,1070,260,0,237,0,0
3,1070,260,0,237,0,0
4,1070,260,0,237,0,0
5,1070,260,0,237,0,0
6,1070,260,0,237,0,0
7,1070,260,0,237,0,0
8,1070,260,0,237,0,0
9,1070,260,0,237,0,0
10,1070,260,0,237,0,0
11,1070,260,0,237,0,0
12,1070,260,0,237,0,0
13,1070,260,0,237,0,0
14,1070,260,0,237,0,0
15,1070,260,0,237,0,0
16,1070,260,0,237,0,0
17,1070,260,0,237,0,0
18,1070,260,0,237,0,0
19,1070,260,0,237,0,0
20,1070,260,0,237,0,0
21,1070,260,0,237,0,0
22,1070,260,0,237,0,0
23,1070,260,0,237,0,0
24,1070,260,0,237,0,0
25,1070,260,0,237,0,0
26,1070,260,0,237,0,0
27,1070,260,0,237,0,0
28,1070,260,0,237,0,0
29,1070,260,0,237,0,0
30,1070,260,0,237,0,0
31,1070,260,0,237,0,0
32,1070,260,0,237,0,0
33,1070,260,0,237,0,0
34,1070,260,0,237,0,0
35,1070,260,0,237,0,0
36,1070,260,0,237,0,0
37,1070,260,0,237,0,0
38,1070,260,0,237,0,0
39,1070,260,0,237,0,0
40,1070,260,0,237,0,0
41,1070,260,0,237,0,0
42,1070,260,0,237,0,0
43,1070,260,0,237,0,0
44,1070,260,0,237,0,0
45,1070,260,0,237,0,0
46,1070,260,0,237,0,0
47,1070,260,0,237,0,0
48,1070,260,0,237,0,0
49,1070,260,0,237,0,0
50,1070,260,0,237,0,0
51,1077,270,0,237,0,202
52,1079,271,0,237,0,202
53,1077,272,0,237,0,202
54,1074,272,0,237,0,202
55,1078,272,0,237,0,202
56,1077,272,0,237,0,202
57,1080,272,0,237,0,202
58,1084,273,0,237,0,202
59,1081,273,0,237,0,202
60,1085,273,0,237,0,202
61,1084,273,0,237,0,202
62,1088,274,0,237,0,202
63,1089,274,0,237,0,202
64,1087,274,0,237,0,202
65,1083,274,0,237,0,202
66,1087,275,0,237,0,202
67,1089,275,0,237,0,202
68,1093,275,0,237,0,202
69,1089,275,0,237,0,202
70,1087,276,0,237,0,202
71,1091,276,0,237,0,202
72,1090,277,0,237,0,202
73,1087,278,0,237,0,202
74,1087,278,0,237,0,202
75,1086,278,0,237,0,202
76,1085,278,0,237,0,202
77,1081,279,0,237,0,202
78,1078,279,0,237,0,202
79,1082,279,0,237,0,202
80,1079,280,0,237,0,202
81,1082,281,0,237,0,202
82,1087,281,0,237,0,202
83,1085,282,0,237,0,202
84,1083,282,0,237,0,202
85,1087,283,0,237,0,202
86,1092,283,0,237,0,202
87,1088,283,0,237,0,202
88,1089,283,0,237,0,202
89,1090,284,0,237,0,202
90,1088,284,0,237,0,202
91,1089,284,0,237,0,202
92,1089,284,0,237,0,202
93,1092,284,0,237,0,202
94,1097,285,0,237,0,202
95,1096,286,0,237,0,202
96,1101,287,0,237,0,202
97,1100,287,0,237,0,202
98,1104,288,0,237,0,202
99,1102,289,0,237,0,202
100,1101,290,0,237,0,202
101,1101,291,0,237,0,202
102,1100,291,0,237,0,202
103,1104,291,0,237,0,202
104,1107,291,0,237,0,202
105,1112,292,0,237,0,202
106,1112,292,0,237,0,202
107,1114,293,0,237,0,202
108,1110,294,0,237,0,202
109,1113,294,0,237,0,202
110,1109,294,0,237,0,202
111,1107,294,0,237,0,202
112,1104,295,0,237,0,202
113,1105,295,0,237,0,202
114,1108,295,0,237,0,202
115,1106,296,0,237,0,202
116,1109,296,0,237,0,202
117,1109,297,0,237,0,202
118,1108,298,0,237,0,202
119,1105,299,0,237,0,202
120,1102,300,0,237,0,202
121,1103,300,0,237,0,202
122,1102,301,0,237,0,202
123,1103,302,0,237,0,202
124,1102,302,0,237,0,202
125,1107,302,0,237,0,202
126,1110,303,0,237,0,202
127,1110,304,0,237,0,202
128,1112,304,0,237,0,202
129,1113,304,0,237,0,202
130,1111,304,0,237,0,202
131,1107,305,0,237,0,202
132,1112,305,0,237,0,202
133,1108,306,0,237,0,202
134,1108,307,0,237,0,202
135,1113,308,0,237,0,202
136,1118,309,0,237,0,202
137,1122,309,0,237,0,202
138,1124,309,0,237,0,202
139,1124,309,0,237,0,202
140,1127,309,0,237,0,202
141,1130,310,0,237,0,202
142,1130,311,0,237,0,202
143,1130,312,0,237,0,202
144,1126,312,0,237,0,202
145,1125,312,0,237,0,202
146,1130,312,0,237,0,202
147,1133,312,0,237,0,202
148,1129,312,0,237,0,202
149,1125,313,0,237,0,202
150,1122,314,0,237,0,202
151,1122,315,0,237,0,202
152,1124,316,0,237,0,202
153,1122,317,0,237,0,202
154,1120,318,0,237,0,202
155,1124,319,0,237,0,202
156,1125,319,0,237,0,202
157,1126,320,0,237,0,202
158,1130,320,0,237,0,202
159,1133,321,0,237,0,202
160,1132,322,0,237,0,202
161,1137,322,0,237,0,202
162,1139,322,0,237,202,202
0,928,245,0,281,0,0
1,928,245,0,281,0,0
2,928,245,0,281,0,0
3,928,245,0,281,0,0
4,928,245,0,281,0,0
5,928,245,0,281,0,0
6,928,245,0,281,0,0
7,928,245,0,281,0,0
8,928,245,0,281,0,0
9,928,245,0,281,0,0
10,928,245,0,281,0,0
11,928,245,0,281,0,0
12,928,245,0,281,0,0
13,928,245,0,281,0,0
14,928,245,0,281,0,0
15,928,245,0,281,0,0
16,928,245,0,281,0,0
17,928,245,0,281,0,0
18,928,245,0,281,0,0
19,928,245,0,281,0,0
20,928,245,0,281,0,0
21,928,245,0,281,0,0
22,928,245,0,281,0,0
23,928,245,0,281,0,0
24,928,245,0,281,0,0
25,928,245,0,281,0,0
26,928,245,0,281,0,0
27,928,245,0,281,0,0
28,928,245,0,281,0,0
29,928,245,0,281,0,0
30,928,245,0,281,0,0
31,928,245,0,281,0,0
32,928,245,0,281,0,0
33,928,245,0,281,0,0
34,928,245,0,281,0,0
35,928,245,0,281,0,0
36,928,245,0,281,0,0
37,928,245,0,281,0,0
38,928,245,0,281,0,0
39,928,245,0,281,0,0
40,928,245,0,281,0,0
41,928,245,0,281,0,0
42,928,245,0,281,0,0
43,928,245,0,281,0,0
44,928,245,0,281,0,0
45,928,245,0,281,0,0
46,928,245,0,281,0,0
47,928,245,0,281,0,0
48,928,245,0,281,0,0
49,928,245,0,281,0,0
50,928,245,0,281,0,0
51,928,245,0,281,0,0
52,928,245,0,281,0,0
53,928,245,0,281,0,0
54,928,245,0,281,0,0
55,894,245,0,281,0,101
56,892,245,0,281,0,101
57,889,245,0,281,0,101
58,888,245,0,281,0,101
59,887,245,0,281,0,101
60,884,245,0,281,0,101
61,882,245,0,281,0,101
62,882,245,0,281,0,101
63,878,245,0,281,0,101
64,878,245,0,281,0,101
65,875,245,0,281,0,101
66,873,245,0,281,0,101
67,872,245,1,281,0,101
68,868,245,0,281,0,101
69,865,245,0,281,0,101
70,862,245,0,281,0,101
71,862,245,0,281,0,101
72,862,245,1,281,0,101
73,859,245,0,281,0,101
74,859,245,0,281,0,101
75,858,245,0,281,0,101
76,855,245,0,281,0,101
77,854,245,0,281,0,101
78,851,245,0,281,0,101
79,851,245,0,281,0,101
80,848,245,0,281,0,101
81,846,245,0,281,0,101
82,843,245,0,281,0,101
83,843,245,0,281,0,101
84,839,245,0,281,0,101
85,839,245,0,281,0,101
86,838,245,0,281,0,101
87,834,245,0,281,0,101
88,830,245,1,281,0,101
89,830,245,1,281,0,101
90,827,245,0,281,0,101
91,826,245,1,281,0,101
92,823,245,0,281,0,101
93,819,245,1,281,0,101
94,816,245,0,281,0,101
95,814,245,0,281,0,101
96,814,245,0,281,0,101
97,811,245,0,281,101,101
0,976,257,0,373,0,0
1,976,257,0,373,0,0
2,976,257,0,373,0,0
3,976,257,0,373,0,0
4,976,257,0,373,0,0
5,976,257,0,373,0,0
6,976,257,0,373,0,0
7,976,257,0,373,0,0
8,976,257,0,373,0,0
9,976,257,0,373,0,0
10,976,257,0,373,0,0
11,976,257,0,373,0,0
12,976,257,0,373,0,0
13,976,257,0,373,0,0
14,976,257,0,373,0,0
15,976,257,0,373,0,0
16,976,257,0,373,0,0
17,976,257,0,373,0,0
18,976,257,0,373,0,0
19,976,257,0,373,0,0
20,976,257,0,373,0,0
21,976,257,0,373,0,0
22,976,257,0,373,0,0
23,976,257,0,373,0,0
24,976,257,0,373,0,0
25,976,257,0,373,0,0
26,976,257,0,373,0,0
27,976,257,0,373,0,0
28,976,257,0,373,0,0
29,976,257,0,373,0,0
30,976,257,0,373,0,0
31,976,257,0,373,0,0
32,976,257,0,373,0,0
33,976,257,0,373,0,0
34,976,257,0,373,0,0
35,976,257,0,373,0,0
36,976,257,0,373,0,0
37,976,257,0,373,0,0
38,976,257,0,373,0,0
39,976,257,0,373,0,0
40,976,257,0,373,0,0
41,976,257,0,373,0,0
42,976,257,0,373,0,0
43,976,257,0,373,0,0
44,976,257,0,373,0,0
45,976,257,0,373,0,0
46,976,257,0,373,0,0
47,976,257,0,373,0,0
48,976,257,0,373,0,0
49,976,257,0,373,0,0
50,976,257,0,373,0,0
51,976,257,0,373,0,0
52,976,257,0,373,0,0
53,976,257,0,373,0,0
54,928,257,0,373,0,303
55,922,257,0,373,0,303
56,922,257,0,373,0,303
57,913,257,0,373,0,303
58,912,257,0,373,0,303
59,906,257,0,373,0,303
60,900,257,0,373,0,303
61,894,257,0,373,0,303
62,891,257,0,373,0,303
63,882,257,0,373,0,303
64,874,257,0,373,0,303
65,869,257,0,373,0,303
66,865,257,0,373,303,303
0,982,250,0,442,0,0
1,982,250,0,442,0,0
2,982,250,0,442,0,0
3,982,250,0,442,0,0
4,982,250,0,442,0,0
5,982,250,0,442,0,0
6,982,250,0,442,0,0
7,982,250,0,442,0,0
8,982,250,0,442,0,0
9,982,250,0,442,0,0
10,982,250,0,442,0,0
11,982,250,0,442,0,0
12,982,250,0,442,0,0
13,982,250,0,442,0,0
14,982,250,0,442,0,0
15,982,250,0,442,0,0
16,982,250,0,442,0,0
17,982,250,0,442,0,0
18,982,250,0,442,0,0
19,982,250,0,442,0,0
20,982,250,0,442,0,0
21,982,250,0,442,0,0
22,982,250,0,442,0,0
23,982,250,0,442,0,0
24,982,250,0,442,0,0
25,982,250,0,442,0,0
26,982,250,0,442,0,0
27,982,250,0,442,0,0
28,982,250,0,442,0,0
29,982,250,0,442,0,0
30,982,250,0,442,0,0
31,982,250,0,442,0,0
32,982,250,0,442,0,0
33,982,250,0,442,0,0
34,982,250,0,442,0,0
35,982,250,0,442,0,0
36,982,250,0,442,0,0
37,982,250,0,442,0,0
38,982,250,0,442,0,0
39,982,250,0,442,0,0
40,982,250,0,442,0,0
41,982,250,0,442,0,0
42,982,250,0,442,0,0
43,982,250,0,442,0,0
44,982,250,0,442,0,0
45,982,250,0,442,0,0
46,982,250,0,442,0,0
47,982,250,0,442,0,0
48,982,250,0,442,0,0
49,982,250,0,442,0,0
50,982,250,0,442,0,0
51,982,250,0,442,0,0
52,982,250,0,442,0,0
53,935,250,0,442,0,303
54,930,250,0,442,0,303
55,927,250,0,442,0,303
56,926,250,0,442,0,303
57,919,250,0,442,0,303
58,915,250,0,442,0,303
59,911,250,0,442,0,303
60,906,250,0,442,0,303
61,900,250,0,442,0,303
62,893,250,0,442,0,303
63,893,250,0,442,0,303
64,893,250,0,442,0,303
65,892,250,0,442,0,303
66,888,250,0,442,0,303
67,886,250,0,442,0,303
68,886,250,0,442,0,303
69,879,250,0,442,303,303
0,1021,250,0,373,0,0
1,1021,250,0,373,0,0
2,1021,250,0,373,0,0
3,1021,250,0,373,0,0
4,1021,250,0,373,0,0
5,1021,250,0,373,0,0
6,1021,250,0,373,0,0
7,1021,250,0,373,0,0
8,1021,250,0,373,0,0
9,1021,250,0,373,0,0
10,1021,250,0,373,0,0
11,1021,250,0,373,0,0
12,1021,250,0,373,0,0
13,1021,250,0,373,0,0
14,1021,250,0,373,0,0
15,1021,250,0,373,0,0
16,1021,250,0,373,0,0
17,1021,250,0,373,0,0
18,1021,250,0,373,0,0
19,1021,250,0,373,0,0
20,1021,250,0,373,0,0
21,1021,250,0,373,0,0
22,1021,250,0,373,0,0
23,1021,250,0,373,0,0
24,1021,250,0,373,0,0
25,1021,250,0,373,0,0
26,1021,250,0,373,0,0
27,1021,250,0,373,0,0
28,1021,250,0,373,0,0
29,1021,250,0,373,0,0
30,1021,250,0,373,0,0
31,1021,250,0,373,0,0
32,1021,250,0,373,0,0
33,1021,250,0,373,0,0
34,1021,250,0,373,0,0
35,1021,250,0,373,0,0
36,1021,250,0,373,0,0
37,1021,250,0,373,0,0
38,1021,250,0,373,0,0
39,1021,250,0,373,0,0
40,1021,250,0,373,0,0
41,1021,250,0,373,0,0
42,1021,250,0,373,0,0
43,1021,250,0,373,0,0
44,1021,250,0,373,0,0
45,1021,250,0,373,0,0
46,1021,250,0,373,0,0
47,1021,250,0,373,0,0
48,1021,250,0,373,0,0
49,1021,250,0,373,0,0
50,1021,250,0,373,0,0
51,1021,250,0,373,0,0
52,1021,250,0,373,0,0
53,1021,250,0,373,0,0
54,1021,250,0,373,0,0
55,961,250,0,373,0,303
56,956,250,0,373,0,303
57,954,250,0,373,0,303
58,949,250,0,373,0,303
59,946,250,0,373,0,303
60,944,250,0,373,0,303
61,938,250,0,373,0,303
62,936,250,0,373,0,303
63,929,250,0,373,0,303
64,923,250,0,373,0,303
65,922,250,0,373,0,303
66,921,250,0,373,0,303
67,913,250,0,373,0,303
68,904,250,0,373,0,303
69,901,250,0,373,0,303
70,894,250,0,373,0,303
71,892,250,0,373,0,303
72,887,250,0,373,0,303
73,885,250,0,373,0,303
74,879,250,0,373,303,303
0,989,251,0,437,0,0
1,989,251,0,437,0,0
2,989,251,0,437,0,0
3,989,251,0,437,0,0
4,989,251,0,437,0,0
5,989,251,0,437,0,0
6,989,251,0,437,0,0
7,989,251,0,437,0,0
8,989,251,0,437,0,0
9,989,251,0,437,0,0
10,989,251,0,437,0,0
11,989,251,0,437,0,0
12,989,251,0,437,0,0
13,989,251,0,437,0,0
14,989,251,0,437,0,0
15,989,251,0,437,0,0
16,989,251,0,437,0,0
17,989,251,0,437,0,0
18,989,251,0,437,0,0
19,989,251,0,437,0,0
20,989,251,0,437,0,0
21,989,251,0,437,0,0
22,989,251,0,437,0,0
23,989,251,0,437,0,0
24,989,251,0,437,0,0
25,989,251,0,437,0,0
26,989,251,0,437,0,0
27,989,251,0,437,0,0
28,989,251,0,437,0,0
29,989,251,0,437,0,0
30,989,251,0,437,0,0
31,989,251,0,437,0,0
32,989,251,0,437,0,0
33,989,251,0,437,0,0
34,989,251,0,437,0,0
35,989,251,0,437,0,0
36,989,251,0,437,0,0
37,989,251,0,437,0,0
38,989,251,0,437,0,0
39,989,251,0,437,0,0
40,989,251,0,437,0,0
41,989,251,0,437,0,0
42,989,251,0,437,0,0
43,989,251,0,437,0,0
44,989,251,0,437,0,0
45,989,251,0,437,0,0
46,989,251,0,437,0,0
47,989,251,0,437,0,0
48,989,251,0,437,0,0
49,989,251,0,437,0,0
50,989,251,0,437,0,0
51,989,251,0,437,0,0
52,989,251,0,437,0,0
53,989,251,0,437,0,0
54,989,251,0,437,0,0
55,944,251,0,437,0,303
56,936,251,0,437,0,303
57,933,251,0,437,0,303
58,932,251,0,437,0,303
59,926,251,0,437,0,303
60,918,251,0,437,0,303
61,910,251,0,437,0,303
62,907,251,0,437,0,303
63,904,251,0,437,0,303
64,903,251,0,437,0,303
65,900,251,0,437,0,303
66,892,251,0,437,0,303
67,887,251,0,437,0,303
68,882,251,0,437,0,303
69,875,251,0,437,0,303
70,874,251,0,437,0,303
71,865,251,0,437,0,303
72,863,251,0,437,0,303
73,854,251,0,437,303,303
0,1083,241,0,168,0,0
1,1083,241,0,168,0,0
2,1083,241,0,168,0,0
3,1083,241,0,168,0,0
4,1083,241,0,168,0,0
5,1083,241,0,168,0,0
6,1083,241,0,168,0,0
7,1083,241,0,168,0,0
8,1083,241,0,168,0,0
9,1083,241,0,168,0,0
10,1083,241,0,168,0,0
11,1083,241,0,168,0,0
12,1083,241,0,168,0,0
13,1083,241,0,168,0,0
14,1083,241,0,168,0,0
15,1083,241,0,168,0,0
16,1083,241,0,168,0,0
17,1083,241,0,168,0,0
18,1083,241,0,168,0,0
19,1083,241,0,168,0,0
20,1083,241,0,168,0,0
21,1083,241,0,168,0,0
22,1083,241,0,168,0,0
23,1083,241,0,168,0,0
24,1083,241,0,168,0,0
25,1083,241,0,168,0,0
26,1083,241,0,168,0,0
27,1083,241,0,168,0,0
28,1083,241,0,168,0,0
29,1083,241,0,168,0,0
30,1083,241,0,168,0,0
31,1083,241,0,168,0,0
32,1083,241,0,168,0,0
33,1083,241,0,168,0,0
34,1083,241,0,168,0,0
35,1083,241,0,168,0,0
36,1083,241,0,168,0,0
37,1083,241,0,168,0,0
38,1083,241,0,168,0,0
39,1083,241,0,168,0,0
40,1083,241,0,168,0,0
41,1083,241,0,168,0,0
42,1083,241,0,168,0,0
43,1083,241,0,168,0,0
44,1083,241,0,168,0,0
45,1083,241,0,168,0,0
46,1083,241,0,168,0,0
47,1083,241,0,168,0,0
48,1083,241,0,168,0,0
49,1083,241,0,168,0,0
50,1083,241,0,168,0,0
51,1083,241,0,168,0,0
52,1083,241,0,168,0,0
53,1102,247,0,168,0,202
54,1098,247,0,168,0,202
55,1098,248,0,168,0,202
56,1095,249,0,168,0,202
57,1095,250,0,168,0,202
58,1091,250,0,168,0,202
59,1092,250,0,168,0,202
60,1093,250,0,168,0,202
61,1097,251,0,168,0,202
62,1098,252,0,168,0,202
63,1100,252,0,168,0,202
64,1097,252,0,168,0,202
65,1095,252,0,168,0,202
66,1097,253,0,168,0,202
67,1099,253,0,168,0,202
68,1097,253,0,168,0,202
69,1100,254,0,168,0,202
70,1099,254,0,168,0,202
71,1097,255,0,168,0,202
72,1101,255,0,168,0,202
73,1099,255,0,168,0,202
74,1095,255,0,168,0,202
75,1094,256,0,168,0,202
76,1091,256,0,168,0,202
77,1088,256,0,168,0,202
78,1088,256,0,168,0,202
79,1089,257,0,168,0,202
80,1087,257,0,168,0,202
81,1091,258,0,168,0,202
82,1091,258,0,168,0,202
83,1090,258,0,168,0,202
84,1090,259,0,168,0,202
85,1092,259,0,168,0,202
86,1088,260,0,168,0,202
87,1088,261,0,168,0,202
88,1085,261,0,168,0,202
89,1088,262,0,168,0,202
90,1088,263,0,168,0,202
91,1084,264,0,168,0,202
92,1086,264,0,168,0,202
93,1082,264,0,168,0,202
94,1081,265,0,168,0,202
95,1085,266,0,168,0,202
96,1090,266,0,168,0,202
97,1095,267,0,168,0,202
98,1097,267,0,168,0,202
99,1098,267,0,168,0,202
100,1094,267,0,168,0,202
101,1092,267,0,168,0,202
102,1094,267,0,168,0,202
103,1099,268,0,168,0,202
104,1098,268,0,168,0,202
105,1096,269,0,168,0,202
106,1094,269,0,168,0,202
107,1092,269,0,168,0,202
108,1093,269,0,168,0,202
109,1098,270,0,168,0,202
110,1100,270,0,168,0,202
111,1097,271,0,168,0,202
112,1102,272,0,168,0,202
113,1098,273,0,168,0,202
114,1094,273,0,168,0,202
115,1096,274,0,168,0,202
116,1097,274,0,168,0,202
117,1097,274,0,168,0,202
118,1099,275,0,168,0,202
119,1095,275,0,168,0,202
120,1096,275,0,168,0,202
121,1096,276,0,168,0,202
122,1093,277,0,168,0,202
123,1098,278,0,168,0,202
124,1102,279,0,168,0,202
125,1099,280,0,168,0,202
126,1104,280,0,168,0,202
127,1105,281,0,168,0,202
128,1101,282,0,168,0,202
129,1099,283,0,168,0,202
130,1099,283,0,168,0,202
131,1096,283,0,168,0,202
132,1099,284,0,168,0,202
133,1100,285,0,168,0,202
134,1102,286,0,168,0,202
135,1103,286,0,168,0,202
136,1099,287,0,168,0,202
137,1100,287,0,168,0,202
138,1103,287,0,168,0,202
139,1104,288,0,168,0,202
140,1107,289,0,168,0,202
141,1103,289,0,168,0,202
142,1104,289,0,168,0,202
143,1106,289,0,168,0,202
144,1109,290,0,168,0,202
145,1113,290,0,168,0,202
146,1112,291,0,168,0,202
147,1111,292,0,168,0,202
148,1109,292,0,168,0,202
149,1109,292,0,168,0,202
150,1114,292,0,168,0,202
151,1117,293,0,168,0,202
152,1120,293,0,168,0,202
153,1117,293,0,168,0,202
154,1120,293,0,168,0,202
155,1123,293,0,168,0,202
156,1121,293,0,168,0,202
157,1124,293,0,168,0,202
158,1129,293,0,168,0,202
159,1128,293,0,168,0,202
160,1130,294,0,168,0,202
161,1132,295,0,168,0,202
162,1132,296,0,168,0,202
163,1134,297,0,168,0,202
164,1134,298,0,168,0,202
165,1131,299,0,168,0,202
166,1134,299,0,168,0,202
167,1134,300,0,168,0,202
168,1137,301,0,168,0,202
169,1136,302,0,168,0,202
170,1139,302,0,168,0,202
171,1136,303,0,168,0,202
172,1135,304,0,168,0,202
173,1136,305,0,168,0,202
174,1135,306,0,168,0,202
175,1132,307,0,168,0,202
176,1129,308,0,168,0,202
177,1134,309,0,168,0,202
178,1133,309,0,168,0,202
179,1131,309,0,168,0,202
180,1135,309,0,168,0,202
181,1135,309,0,168,0,202
182,1137,310,0,168,0,202
183,1138,310,0,168,0,202
184,1134,311,0,168,0,202
185,1135,311,0,168,0,202
186,1133,312,0,168,0,202
187,1131,313,0,168,0,202
188,1127,313,0,168,0,202
189,1127,313,0,168,0,202
190,1132,313,0,168,0,202
191,1135,314,0,168,0,202
192,1138,314,0,168,0,202
193,1138,315,0,168,0,202
194,1137,316,0,168,0,202
195,1138,317,0,168,0,202
196,1142,317,0,168,0,202
197,1140,318,0,168,0,202
198,1141,318,0,168,0,202
199,1145,318,0,168,0,202
200,1145,319,0,168,0,202
201,1149,320,0,168,0,202
202,1150,321,0,168,202,202
0,1098,244,0,192,0,0
1,1098,244,0,192,0,0
2,1098,244,0,192,0,0
3,1098,244,0,192,0,0
4,1098,244,0,192,0,0
5,1098,244,0,192,0,0
6,1098,244,0,192,0,0
7,1098,244,0,192,0,0
8,1098,244,0,192,0,0
9,1098,244,0,192,0,0
10,1098,244,0,192,0,0
11,1098,244,0,192,0,0
12,1098,244,0,192,0,0
13,1098,244,0,192,0,0
14,1098,244,0,192,0,0
15,1098,244,0,192,0,0
16,1098,244,0,192,0,0
17,1098,244,0,192,0,0
18,1098,244,0,192,0,0
19,1098,244,0,192,0,0
20,1098,244,0,192,0,0
21,1098,244,0,192,0,0
22,1098,244,0,192,0,0
23,1098,244,0,192,0,0
24,1098,244,0,192,0,0
25,1098,244,0,192,0,0
26,1098,244,0,192,0,0
27,1098,244,0,192,0,0
28,1098,244,0,192,0,0
29,1098,244,0,192,0,0
30,1098,244,0,192,0,0
31,1098,244,0,192,0,0
32,1098,244,0,192,0,0
33,1098,244,0,192,0,0
34,1098,244,0,192,0,0
35,1098,244,0,192,0,0
36,1098,244,0,192,0,0
37,1098,244,0,192,0,0
38,1098,244,0,192,0,0
39,1098,244,0,192,0,0
40,1098,244,0,192,0,0
41,1098,244,0,192,0,0
42,1098,244,0,192,0,0
43,1098,244,0,192,0,0
44,1098,244,0,192,0,0
45,1098,244,0,192,0,0
46,1098,244,0,192,0,0
47,1098,244,0,192,0,0
48,1098,244,0,192,0,0
49,1098,244,0,192,0,0
50,1098,244,0,192,0,0
51,1098,244,0,192,0,0
52,1098,244,0,192,0,0
53,1068,244,0,192,0,101
54,1065,244,0,192,0,101
55,1064,244,0,192,0,101
56,1060,244,0,192,0,101
57,1058,244,0,192,0,101
58,1057,244,0,192,0,101
59,1053,244,0,192,0,101
60,1051,244,0,192,0,101
61,1048,244,0,192,0,101
62,1045,244,0,192,0,101
63,1045,244,0,192,0,101
64,1043,244,0,192,0,101
65,1042,244,0,192,0,101
66,1039,244,0,192,0,101
67,1038,244,0,192,0,101
68,1037,244,0,192,0,101
69,1036,244,0,192,0,101
70,1035,244,0,192,0,101
71,1035,244,0,192,0,101
72,1031,244,0,192,0,101
73,1030,244,0,192,0,101
74,1028,244,0,192,0,101
75,1028,244,0,192,0,101
76,1024,244,0,192,0,101
77,1024,244,0,192,0,101
78,1024,244,0,192,0,101
79,1021,244,0,192,0,101
80,1020,244,0,192,0,101
81,1020,244,0,192,0,101
82,1018,244,0,192,0,101
83,1015,244,0,192,0,101
84,1011,244,0,192,0,101
85,1008,244,0,192,0,101
86,1008,244,0,192,0,101
87,1007,244,0,192,0,101
88,1006,244,0,192,0,101
89,1004,244,0,192,0,101
90,1002,244,0,192,0,101
91,1000,244,0,192,0,101
92,996,244,0,192,0,101
93,995,244,0,192,0,101
94,991,244,0,192,0,101
95,991,244,0,192,0,101
96,987,244,0,192,0,101
97,985,244,0,192,0,101
98,982,244,0,192,0,101
99,978,244,0,192,0,101
100,977,244,1,192,0,101
101,975,244,0,192,0,101
102,974,244,0,192,0,101
103,974,244,0,192,0,101
104,970,244,0,192,0,101
105,967,244,0,192,0,101
106,964,244,0,192,0,101
107,961,244,0,192,0,101
108,960,244,0,192,0,101
109,960,244,0,192,0,101
110,959,244,0,192,0,101
111,955,244,0,192,0,101
112,951,244,0,192,0,101
113,951,244,0,192,0,101
114,948,244,0,192,0,101
115,945,244,0,192,0,101
116,944,244,0,192,0,101
117,941,244,0,192,0,101
118,938,244,0,192,0,101
119,936,244,0,192,0,101
120,932,244,0,192,0,101
121,932,244,0,192,0,101
122,928,244,0,192,0,101
123,927,244,0,192,0,101
124,926,244,0,192,0,101
125,925,244,0,192,0,101
126,921,244,0,192,0,101
127,917,244,0,192,0,101
128,917,244,0,192,0,101
129,916,244,0,192,0,101
130,915,244,0,192,0,101
131,911,244,0,192,0,101
132,911,244,0,192,0,101
133,907,244,1,192,0,101
134,907,244,0,192,0,101
135,905,244,0,192,0,101
136,905,244,0,192,0,101
137,904,244,0,192,0,101
138,902,244,0,192,0,101
139,902,244,0,192,0,101
140,898,244,0,192,0,101
141,894,244,0,192,0,101
142,890,244,0,192,0,101
143,886,244,0,192,0,101
144,883,244,0,192,0,101
145,883,244,0,192,0,101
146,881,244,0,192,0,101
147,879,244,0,192,0,101
148,877,244,0,192,0,101
149,874,244,0,192,0,101
150,873,244,0,192,0,101
151,870,244,0,192,0,101
152,866,244,0,192,0,101
153,865,244,0,192,0,101
154,864,244,0,192,0,101
155,863,244,0,192,0,101
156,863,244,0,192,0,101
157,860,244,1,192,0,101
158,857,244,0,192,0,101
159,856,244,0,192,0,101
160,855,244,0,192,0,101
161,853,244,0,192,0,101
162,851,244,0,192,0,101
163,847,244,0,192,0,101
164,845,244,0,192,0,101
165,844,244,0,192,0,101
166,844,244,0,192,0,101
167,843,244,0,192,0,101
168,840,244,0,192,0,101
169,839,244,0,192,0,101
170,838,244,0,192,0,101
171,836,244,0,192,0,101
172,834,244,0,192,0,101
173,834,244,0,192,0,101
174,834,244,0,192,0,101
175,830,244,0,192,0,101
176,826,244,0,192,0,101
177,826,244,1,192,0,101
178,825,244,0,192,0,101
179,821,244,0,192,0,101
180,817,244,0,192,0,101
181,813,244,0,192,0,101
182,809,244,0,192,0,101
183,806,244,0,192,0,101
184,802,244,0,192,0,101
185,800,244,0,192,0,101
186,799,244,0,192,0,101
187,799,244,0,192,0,101
188,798,244,1,192,0,101
189,798,244,0,192,0,101
190,798,244,0,192,0,101
191,797,244,0,192,0,101
192,795,244,0,192,101,101
0,1032,259,0,396,0,0
1,1032,259,0,396,0,0
2,1032,259,0,396,0,0
3,1032,259,0,396,0,0
4,1032,259,0,396,0,0
5,1032,259,0,396,0,0
6,1032,259,0,396,0,0
7,1032,259,0,396,0,0
8,1032,259,0,396,0,0
9,1032,259,0,396,0,0
10,1032,259,0,396,0,0
11,1032,259,0,396,0,0
12,1032,259,0,396,0,0
13,1032,259,0,396,0,0
14,1032,259,0,396,0,0
15,1032,259,0,396,0,0
16,1032,259,0,396,0,0
17,1032,259,0,396,0,0
18,1032,259,0,396,0,0
19,1032,259,0,396,0,0
20,1032,259,0,396,0,0
21,1032,259,0,396,0,0
22,1032,259,0,396,0,0
23,1032,259,0,396,0,0
24,1032,259,0,396,0,0
25,1032,259,0,396,0,0
26,1032,259,0,396,0,0
27,1032,259,0,396,0,0
28,1032,259,0,396,0,0
29,1032,259,0,396,0,0
30,1032,259,0,396,0,0
31,1032,259,0,396,0,0
32,1032,259,0,396,0,0
33,1032,259,0,396,0,0
34,1032,259,0,396,0,0
35,1032,259,0,396,0,0
36,1032,259,0,396,0,0
37,1032,259,0,396,0,0
38,1032,259,0,396,0,0
39,1032,259,0,396,0,0
40,1032,259,0,396,0,0
41,1032,259,0,396,0,0
42,1032,259,0,396,0,0
43,1032,259,0,396,0,0
44,1032,259,0,396,0,0
45,1032,259,0,396,0,0
46,1032,259,0,396,0,0
47,1032,259,0,396,0,0
48,1032,259,0,396,0,0
49,1032,259,0,396,0,0
50,1032,259,0,396,0,0
51,1032,259,0,396,0,0
52,1032,259,0,396,0,0
53,966,259,0,396,0,303
54,964,259,0,396,0,303
55,963,259,0,396,0,303
56,962,259,0,396,0,303
57,956,259,0,396,0,303
58,950,259,0,396,0,303
59,945,259,0,396,0,303
60,942,259,0,396,0,303
61,940,259,0,396,0,303
62,938,259,0,396,0,303
63,932,259,0,396,0,303
64,924,259,0,396,0,303
65,916,259,0,396,0,303
66,909,259,0,396,0,303
67,900,259,0,396,0,303
68,898,259,0,396,0,303
69,896,259,0,396,0,303
70,888,259,0,396,0,303
71,879,259,0,396,0,303
72,870,259,0,396,303,303
0,959,255,0,193,0,0
1,959,255,0,193,0,0
2,959,255,0,193,0,0
3,959,255,0,193,0,0
4,959,255,0,193,0,0
5,959,255,0,193,0,0
6,959,255,0,193,0,0
7,959,255,0,193,0,0
8,959,255,0,193,0,0
9,959,255,0,193,0,0
10,959,255,0,193,0,0
11,959,255,0,193,0,0
12,959,255,0,193,0,0
13,959,255,0,193,0,0
14,959,255,0,193,0,0
15,959,255,0,193,0,0
16,959,255,0,193,0,0
17,959,255,0,193,0,0
18,959,255,0,193,0,0
19,959,255,0,193,0,0
20,959,255,0,193,0,0
21,959,255,0,193,0,0
22,959,255,0,193,0,0
23,959,255,0,193,0,0
24,959,255,0,193,0,0
25,959,255,0,193,0,0
26,959,255,0,193,0,0
27,959,255,0,193,0,0
28,959,255,0,193,0,0
29,959,255,0,193,0,0
30,959,255,0,193,0,0
31,959,255,0,193,0,0
32,959,255,0,193,0,0
33,959,255,0,193,0,0
34,959,255,0,193,0,0
35,959,255,0,193,0,0
36,959,255,0,193,0,0
37,959,255,0,193,0,0
38,959,255,0,193,0,0
39,959,255,0,193,0,0
40,959,255,0,193,0,0
41,959,255,0,193,0,0
42,959,255,0,193,0,0
43,959,255,0,193,0,0
44,959,255,0,193,0,0
45,959,255,0,193,0,0
46,959,255,0,193,0,0
47,959,255,0,193,0,0
48,959,255,0,193,0,0
49,959,255,0,193,0,0
50,959,255,0,193,0,0
51,959,255,0,193,0,0
52,963,259,0,193,0,202
53,963,259,0,193,0,202
54,962,260,0,193,0,202
55,966,260,0,193,0,202
56,968,261,0,193,0,202
57,964,261,0,193,0,202
58,960,262,0,193,0,202
59,958,263,0,193,0,202
60,957,264,0,193,0,202
61,954,265,0,193,0,202
62,951,265,0,193,0,202
63,956,266,0,193,0,202
64,958,267,0,193,0,202
65,957,268,0,193,0,202
66,960,269,0,193,0,202
67,964,269,0,193,0,202
68,961,270,0,193,0,202
69,958,271,0,193,0,202
70,954,272,0,193,0,202
71,958,273,0,193,0,202
72,955,273,0,193,0,202
73,953,273,0,193,0,202
74,952,273,0,193,0,202
75,953,274,0,193,0,202
76,956,274,0,193,0,202
77,956,275,0,193,0,202
78,956,276,0,193,0,202
79,954,276,0,193,0,202
80,956,276,0,193,0,202
81,960,277,0,193,0,202
82,964,277,0,193,0,202
83,961,278,0,193,0,202
84,960,278,0,193,0,202
85,964,279,0,193,0,202
86,963,280,0,193,0,202
87,959,280,0,193,0,202
88,961,281,0,193,0,202
89,964,282,0,193,0,202
90,960,282,0,193,0,202
91,964,282,0,193,0,202
92,968,282,0,193,0,202
93,964,282,0,193,0,202
94,964,282,0,193,0,202
95,964,282,0,193,0,202
96,968,282,0,193,0,202
97,968,283,0,193,0,202
98,971,284,0,193,0,202
99,972,285,0,193,0,202
100,972,286,0,193,0,202
101,977,287,0,193,0,202
102,979,287,0,193,0,202
103,978,288,0,193,0,202
104,976,289,0,193,0,202
105,976,289,0,193,0,202
106,974,290,0,193,0,202
107,979,291,0,193,0,202
108,977,291,0,193,0,202
109,980,292,0,193,0,202
110,983,292,0,193,0,202
111,980,292,0,193,0,202
112,982,292,0,193,0,202
113,980,292,0,193,0,202
114,981,293,0,193,0,202
115,981,294,0,193,0,202
116,980,294,0,193,0,202
117,980,295,0,193,0,202
118,980,295,0,193,0,202
119,983,295,0,193,0,202
120,985,295,0,193,0,202
121,985,296,0,193,0,202
122,983,297,0,193,0,202
123,981,297,0,193,0,202
124,979,297,0,193,0,202
125,981,298,0,193,0,202
126,984,299,0,193,0,202
127,981,299,0,193,0,202
128,979,299,0,193,0,202
129,983,299,0,193,0,202
130,982,300,0,193,0,202
131,987,301,0,193,0,202
132,991,301,0,193,0,202
133,993,301,0,193,0,202
134,989,301,0,193,0,202
135,985,302,0,193,0,202
136,987,302,0,193,0,202
137,989,303,0,193,0,202
138,985,304,0,193,0,202
139,985,305,0,193,0,202
140,982,305,0,193,0,202
141,982,306,0,193,0,202
142,984,307,0,193,0,202
143,987,307,0,193,0,202
144,983,308,0,193,0,202
145,979,308,0,193,0,202
146,978,308,0,193,0,202
147,978,309,0,193,0,202
148,981,309,0,193,0,202
149,980,309,0,193,0,202
150,983,310,0,193,0,202
151,979,310,0,193,0,202
152,976,310,0,193,0,202
153,973,310,0,193,0,202
154,977,310,0,193,0,202
155,979,311,0,193,0,202
156,976,312,0,193,0,202
157,972,312,0,193,0,202
158,976,313,0,193,0,202
159,979,313,0,193,0,202
160,977,313,0,193,0,202
161,976,314,0,193,0,202
162,976,314,0,193,0,202
163,979,315,0,193,0,202
164,982,316,0,193,0,202
165,986,317,0,193,0,202
166,990,317,0,193,0,202
167,990,317,0,193,0,202
168,993,317,0,193,0,202
169,993,318,0,193,0,202
170,993,319,0,193,0,202
171,992,319,0,193,0,202
172,992,320,0,193,0,202
173,997,321,0,193,0,202
174,993,322,0,193,0,202
175,998,322,0,193,0,202
176,1003,323,0,193,0,202
177,1002,324,0,193,0,202
178,1001,325,0,193,0,202
179,1003,325,0,193,0,202
180,1005,325,0,193,0,202
181,1009,325,0,193,0,202
182,1011,326,0,193,0,202
183,1007,326,0,193,0,202
184,1003,326,0,193,0,202
185,1001,326,0,193,202,202
0,1053,256,0,33,0,0
1,1053,256,0,33,0,0
2,1053,256,0,33,0,0
3,1053,256,0,33,0,0
4,1053,256,0,33,0,0
5,1053,256,0,33,0,0
6,1053,256,0,33,0,0
7,1053,256,0,33,0,0
8,1053,256,0,33,0,0
9,1053,256,0,33,0,0
10,1053,256,0,33,0,0
11,1053,256,0,33,0,0
12,1053,256,0,33,0,0
13,1053,256,0,33,0,0
14,1053,256,0,33,0,0
15,1053,256,0,33,0,0
16,1053,256,0,33,0,0
17,1053,256,0,33,0,0
18,1053,256,0,33,0,0
19,1053,256,0,33,0,0
20,1053,256,0,33,0,0
21,1053,256,0,33,0,0
22,1053,256,0,33,0,0
23,1053,256,0,33,0,0
24,1053,256,0,33,0,0
25,1053,256,0,33,0,0
26,1053,256,0,33,0,0
27,1053,256,0,33,0,0
28,1053,256,0,33,0,0
29,1053,256,0,33,0,0
30,1053,256,0,33,0,0
31,1053,256,0,33,0,0
32,1053,256,0,33,0,0
33,1053,256,0,33,0,0
34,1053,256,0,33,0,0
35,1053,256,0,33,0,0
36,1053,256,0,33,0,0
37,1053,256,0,33,0,0
38,1053,256,0,33,0,0
39,1053,256,0,33,0,0
40,1053,256,0,33,0,0
41,1053,256,0,33,0,0
42,1053,256,0,33,0,0
43,1053,256,0,33,0,0
44,1053,256,0,33,0,0
45,1053,256,0,33,0,0
46,1053,256,0,33,0,0
47,1053,256,0,33,0,0
48,1053,256,0,33,0,0
49,1053,256,0,33,0,0
50,1053,256,0,33,0,0
51,1053,256,0,33,0,0
52,1053,256,0,33,0,0
53,1053,256,0,33,0,0
54,1018,256,0,33,0,101
55,1016,256,0,33,0,101
56,1015,256,0,33,0,101
57,1011,256,0,33,0,101
58,1010,256,0,33,0,101
59,1008,256,0,33,0,101
60,1006,256,0,33,0,101
61,1002,256,0,33,0,101
62,1001,256,0,33,0,101
63,999,256,0,33,0,101
64,997,256,0,33,0,101
65,997,256,0,33,0,101
66,995,256,0,33,0,101
67,995,256,0,33,0,101
68,995,256,0,33,0,101
69,992,256,0,33,0,101
70,988,256,0,33,0,101
71,984,256,0,33,0,101
72,980,256,0,33,0,101
73,976,256,0,33,0,101
74,975,256,0,33,0,101
75,972,256,0,33,0,101
76,972,256,0,33,0,101
77,968,256,0,33,0,101
78,964,256,0,33,0,101
79,960,256,0,33,0,101
80,958,256,0,33,0,101
81,955,256,0,33,0,101
82,953,256,0,33,0,101
83,951,256,0,33,0,101
84,949,256,0,33,0,101
85,947,256,0,33,0,101
86,944,256,0,33,0,101
87,940,256,0,33,0,101
88,937,256,1,33,0,101
89,936,256,0,33,0,101
90,936,256,0,33,0,101
91,934,256,0,33,0,101
92,933,256,0,33,0,101
93,931,256,0,33,0,101
94,927,256,0,33,0,101
95,927,256,0,33,0,101
96,926,256,0,33,0,101
97,926,256,0,33,0,101
98,925,256,0,33,0,101
99,921,256,0,33,0,101
100,918,256,0,33,0,101
101,915,256,0,33,0,101
102,913,256,0,33,0,101
103,909,256,0,33,0,101
104,906,256,0,33,0,101
105,906,256,0,33,0,101
106,904,256,1,33,0,101
107,902,256,1,33,0,101
108,898,256,1,33,0,101
109,896,256,0,33,0,101
110,892,256,0,33,0,101
111,889,256,0,33,0,101
112,885,256,0,33,0,101
113,882,256,0,33,0,101
114,879,256,0,33,0,101
115,875,256,0,33,0,101
116,872,256,0,33,0,101
117,870,256,0,33,0,101
118,867,256,0,33,0,101
119,866,256,0,33,0,101
120,862,256,0,33,0,101
121,858,256,0,33,0,101
122,856,256,0,33,0,101
123,854,256,0,33,0,101
124,852,256,0,33,0,101
125,850,256,0,33,0,101
126,848,256,0,33,0,101
127,846,256,0,33,0,101
128,842,256,0,33,0,101
129,842,256,0,33,0,101
130,840,256,0,33,0,101
131,836,256,0,33,0,101
132,832,256,0,33,0,101
133,829,256,0,33,0,101
134,829,256,0,33,0,101
135,826,256,0,33,0,101
136,824,256,0,33,0,101
137,821,256,0,33,0,101
138,818,256,0,33,0,101
139,815,256,0,33,0,101
140,815,256,0,33,0,101
141,814,256,0,33,0,101
142,814,256,0,33,0,101
143,810,256,0,33,0,101
144,809,256,0,33,0,101
145,809,256,0,33,0,101
146,807,256,0,33,0,101
147,803,256,0,33,0,101
148,802,256,0,33,0,101
149,800,256,0,33,0,101
150,796,256,0,33,0,101
151,796,256,0,33,0,101
152,793,256,0,33,0,101
153,793,256,0,33,0,101
154,789,256,0,33,0,101
155,789,256,0,33,0,101
156,789,256,0,33,0,101
157,787,256,0,33,0,101
158,786,256,0,33,0,101
159,783,256,0,33,0,101
160,782,256,0,33,0,101
161,780,256,0,33,0,101
162,778,256,0,33,0,101
163,778,256,0,33,0,101
164,778,256,1,33,0,101
165,777,256,0,33,0,101
166,774,256,0,33,0,101
167,770,256,0,33,0,101
168,767,256,0,33,0,101
169,766,256,0,33,0,101
170,765,256,0,33,101,101
0,945,258,0,418,0,0
1,945,258,0,418,0,0
2,945,258,0,418,0,0
3,945,258,0,418,0,0
4,945,258,0,418,0,0
5,945,258,0,418,0,0
6,945,258,0,418,0,0
7,945,258,0,418,0,0
8,945,258,0,418,0,0
9,945,258,0,418,0,0
10,945,258,0,418,0,0
11,945,258,0,418,0,0
12,945,258,0,418,0,0
13,945,258,0,418,0,0
14,945,258,0,418,0,0
15,945,258,0,418,0,0
16,945,258,0,418,0,0
17,945,258,0,418,0,0
18,945,258,0,418,0,0
19,945,258,0,418,0,0
20,945,258,0,418,0,0
21,945,258,0,418,0,0
22,945,258,0,418,0,0
23,945,258,0,418,0,0
24,945,258,0,418,0,0
25,945,258,0,418,0,0
26,945,258,0,418,0,0
27,945,258,0,418,0,0
28,945,258,0,418,0,0
29,945,258,0,418,0,0
30,945,258,0,418,0,0
31,945,258,0,418,0,0
32,945,258,0,418,0,0
33,945,258,0,418,0,0
34,945,258,0,418,0,0
35,945,258,0,418,0,0
36,945,258,0,418,0,0
37,945,258,0,418,0,0
38,945,258,0,418,0,0
39,945,258,0,418,0,0
40,945,258,0,418,0,0
41,945,258,0,418,0,0
42,945,258,0,418,0,0
43,945,258,0,418,0,0
44,945,258,0,418,0,0
45,945,258,0,418,0,0
46,945,258,0,418,0,0
47,945,258,0,418,0,0
48,945,258,0,418,0,0
49,945,258,0,418,0,0
50,945,258,0,418,0,0
51,945,258,0,418,0,0
52,945,258,0,418,0,0
53,864,258,0,418,0,303
54,862,258,0,418,0,303
55,858,258,0,418,0,303
56,850,258,0,418,303,303
0,1021,260,0,94,0,0
1,1021,260,0,94,0,0
2,1021,260,0,94,0,0
3,1021,260,0,94,0,0
4,1021,260,0,94,0,0
5,1021,260,0,94,0,0
6,1021,260,0,94,0,0
7,1021,260,0,94,0,0
8,1021,260,0,94,0,0
9,1021,260,0,94,0,0
10,1021,260,0,94,0,0
11,1021,260,0,94,0,0
12,1021,260,0,94,0,0
13,1021,260,0,94,0,0
14,1021,260,0,94,0,0
15,1021,260,0,94,0,0
16,1021,260,0,94,0,0
17,1021,260,0,94,0,0
18,1021,260,0,94,0,0
19,1021,260,0,94,0,0
20,1021,260,0,94,0,0
21,1021,260,0,94,0,0
22,1021,260,0,94,0,0
23,1021,260,0,94,0,0
24,1021,260,0,94,0,0
25,1021,260,0,94,0,0
26,1021,260,0,94,0,0
27,1021,260,0,94,0,0
28,1021,260,0,94,0,0
29,1021,260,0,94,0,0
30,1021,260,0,94,0,0
31,1021,260,0,94,0,0
32,1021,260,0,94,0,0
33,1021,260,0,94,0,0
34,1021,260,0,94,0,0
35,1021,260,0,94,0,0
36,1021,260,0,94,0,0
37,1021,260,0,94,0,0
38,1021,260,0,94,0,0
39,1021,260,0,94,0,0
40,1021,260,0,94,0,0
41,1021,260,0,94,0,0
42,1021,260,0,94,0,0
43,1021,260,0,94,0,0
44,1021,260,0,94,0,0
45,1021,260,0,94,0,0
46,1021,260,0,94,0,0
47,1021,260,0,94,0,0
48,1021,260,0,94,0,0
49,1021,260,0,94,0,0
50,1021,260,0,94,0,0
51,1021,260,0,94,0,0
52,1021,260,0,94,0,0
53,1021,260,0,94,0,0
54,1021,260,0,94,0,0
55,996,260,0,94,0,101
56,992,260,0,94,0,101
57,988,260,1,94,0,101
58,985,260,0,94,0,101
59,985,260,0,94,0,101
60,985,260,0,94,0,101
61,981,260,0,94,0,101
62,977,260,0,94,0,101
63,973,260,0,94,0,101
64,972,260,0,94,0,101
65,972,260,0,94,0,101
66,972,260,0,94,0,101
67,968,260,0,94,0,101
68,966,260,0,94,0,101
69,966,260,0,94,0,101
70,965,260,0,94,0,101
71,963,260,0,94,0,101
72,963,260,0,94,0,101
73,963,260,0,94,0,101
74,962,260,0,94,0,101
75,961,260,0,94,0,101
76,958,260,0,94,0,101
77,958,260,0,94,0,101
78,958,260,0,94,0,101
79,954,260,0,94,0,101
80,951,260,0,94,0,101
81,951,260,0,94,0,101
82,951,260,0,94,0,101
83,950,260,0,94,0,101
84,946,260,0,94,0,101
85,943,260,0,94,0,101
86,939,260,0,94,0,101
87,939,260,0,94,0,101
88,936,260,0,94,0,101
89,934,260,0,94,0,101
90,930,260,0,94,0,101
91,930,260,0,94,0,101
92,928,260,0,94,0,101
93,925,260,0,94,0,101
94,925,260,0,94,0,101
95,923,260,0,94,0,101
96,919,260,0,94,0,101
97,918,260,0,94,0,101
98,917,260,0,94,0,101
99,915,260,0,94,0,101
100,914,260,0,94,0,101
101,913,260,0,94,0,101
102,911,260,0,94,0,101
103,908,260,0,94,0,101
104,908,260,0,94,0,101
105,905,260,0,94,0,101
106,904,260,0,94,0,101
107,900,260,0,94,0,101
108,896,260,0,94,0,101
109,895,260,0,94,0,101
110,892,260,0,94,0,101
111,892,260,0,94,0,101
112,889,260,0,94,0,101
113,889,260,0,94,0,101
114,887,260,0,94,0,101
115,887,260,0,94,0,101
116,886,260,0,94,0,101
117,882,260,0,94,0,101
118,880,260,0,94,0,101
119,880,260,0,94,0,101
120,879,260,0,94,0,101
121,879,260,0,94,0,101
122,879,260,0,94,0,101
123,878,260,0,94,0,101
124,875,260,0,94,0,101
125,872,260,0,94,0,101
126,870,260,0,94,0,101
127,869,260,0,94,0,101
128,868,260,0,94,0,101
129,867,260,0,94,0,101
130,863,260,1,94,0,101
131,860,260,0,94,0,101
132,858,260,0,94,0,101
133,856,260,0,94,0,101
134,856,260,0,94,0,101
135,853,260,0,94,0,101
136,852,260,0,94,0,101
137,850,260,0,94,0,101
138,847,260,0,94,0,101
139,843,260,0,94,0,101
140,839,260,0,94,0,101
141,838,260,0,94,0,101
142,837,260,0,94,0,101
143,833,260,0,94,0,101
144,829,260,0,94,0,101
145,825,260,0,94,0,101
146,821,260,0,94,0,101
147,820,260,0,94,0,101
148,818,260,0,94,0,101
149,817,260,0,94,0,101
150,815,260,1,94,0,101
151,811,260,0,94,0,101
152,811,260,0,94,0,101
153,811,260,0,94,0,101
154,807,260,0,94,0,101
155,804,260,0,94,0,101
156,803,260,0,94,0,101
157,802,260,1,94,0,101
158,802,260,0,94,0,101
159,802,260,0,94,0,101
160,801,260,0,94,0,101
161,797,260,0,94,0,101
162,796,260,0,94,0,101
163,794,260,0,94,0,101
164,793,260,0,94,0,101
165,790,260,0,94,0,101
166,786,260,0,94,0,101
167,785,260,0,94,0,101
168,785,260,0,94,0,101
169,781,260,0,94,0,101
170,779,260,0,94,0,101
171,775,260,0,94,0,101
172,773,260,0,94,0,101
173,772,260,0,94,0,101
174,769,260,0,94,0,101
175,769,260,0,94,0,101
176,766,260,0,94,0,101
177,764,260,0,94,0,101
178,764,260,0,94,0,101
179,763,260,0,94,0,101
180,759,260,0,94,0,101
181,758,260,0,94,0,101
182,754,260,0,94,0,101
183,751,260,0,94,0,101
184,751,260,0,94,0,101
185,749,260,0,94,0,101
186,747,260,0,94,0,101
187,747,260,0,94,0,101
188,745,260,0,94,0,101
189,742,260,0,94,0,101
190,740,260,0,94,0,101
191,740,260,1,94,0,101
192,737,260,0,94,0,101
193,737,260,0,94,0,101
194,736,260,0,94,0,101
195,735,260,0,94,0,101
196,732,260,1,94,0,101
197,731,260,0,94,101,101
0,945,259,0,354,0,0
1,945,259,0,354,0,0
2,945,259,0,354,0,0
3,945,259,0,354,0,0
4,945,259,0,354,0,0
5,945,259,0,354,0,0
6,945,259,0,354,0,0
7,945,259,0,354,0,0
8,945,259,0,354,0,0
9,945,259,0,354,0,0
10,945,259,0,354,0,0
11,945,259,0,354,0,0
12,945,259,0,354,0,0
13,945,259,0,354,0,0
14,945,259,0,354,0,0
15,945,259,0,354,0,0
16,945,259,0,354,0,0
17,945,259,0,354,0,0
18,945,259,0,354,0,0
19,945,259,0,354,0,0
20,945,259,0,354,0,0
21,945,259,0,354,0,0
22,945,259,0,354,0,0
23,945,259,0,354,0,0
24,945,259,0,354,0,0
25,945,259,0,354,0,0
26,945,259,0,354,0,0
27,945,259,0,354,0,0
28,945,259,0,354,0,0
29,945,259,0,354,0,0
30,945,259,0,354,0,0
31,945,259,0,354,0,0
32,945,259,0,354,0,0
33,945,259,0,354,0,0
34,945,259,0,354,0,0
35,945,259,0,354,0,0
36,945,259,0,354,0,0
37,945,259,0,354,0,0
38,945,259,0,354,0,0
39,945,259,0,354,0,0
40,945,259,0,354,0,0
41,945,259,0,354,0,0
42,945,259,0,354,0,0
43,945,259,0,354,0,0
44,945,259,0,354,0,0
45,945,259,0,354,0,0
46,945,259,0,354,0,0
47,945,259,0,354,0,0
48,945,259,0,354,0,0
49,945,259,0,354,0,0
50,945,259,0,354,0,0
51,877,259,0,354,0,303
52,871,259,0,354,303,303
0,1057,245,0,87,0,0
1,1057,245,0,87,0,0
2,1057,245,0,87,0,0
3,1057,245,0,87,0,0
4,1057,245,0,87,0,0
5,1057,245,0,87,0,0
6,1057,245,0,87,0,0
7,1057,245,0,87,0,0
8,1057,245,0,87,0,0
9,1057,245,0,87,0,0
10,1057,245,0,87,0,0
11,1057,245,0,87,0,0
12,1057,245,0,87,0,0
13,1057,245,0,87,0,0
14,1057,245,0,87,0,0
15,1057,245,0,87,0,0
16,1057,245,0,87,0,0
17,1057,245,0,87,0,0
18,1057,245,0,87,0,0
19,1057,245,0,87,0,0
20,1057,245,0,87,0,0
21,1057,245,0,87,0,0
22,1057,245,0,87,0,0
23,1057,245,0,87,0,0
24,1057,245,0,87,0,0
25,1057,245,0,87,0,0
26,1057,245,0,87,0,0
27,1057,245,0,87,0,0
28,1057,245,0,87,0,0
29,1057,245,0,87,0,0
30,1057,245,0,87,0,0
31,1057,245,0,87,0,0
32,1057,245,0,87,0,0
33,1057,245,0,87,0,0
34,1057,245,0,87,0,0
35,1057,245,0,87,0,0
36,1057,245,0,87,0,0
37,1057,245,0,87,0,0
38,1057,245,0,87,0,0
39,1057,245,0,87,0,0
40,1057,245,0,87,0,0
41,1057,245,0,87,0,0
42,1057,245,0,87,0,0
43,1057,245,0,87,0,0
44,1057,245,0,87,0,0
45,1057,245,0,87,0,0
46,1057,245,0,87,0,0
47,1057,245,0,87,0,0
48,1057,245,0,87,0,0
49,1057,245,0,87,0,0
50,1057,245,0,87,0,0
51,1057,245,0,87,0,0
52,1063,253,0,87,0,202
53,1063,253,0,87,0,202
54,1064,253,0,87,0,202
55,1065,253,0,87,0,202
56,1067,253,0,87,0,202
57,1070,254,0,87,0,202
58,1074,255,0,87,0,202
59,1070,256,0,87,0,202
60,1072,257,0,87,0,202
61,1071,258,0,87,0,202
62,1070,259,0,87,0,202
63,1072,260,0,87,0,202
64,1075,261,0,87,0,202
65,1077,262,0,87,0,202
66,1082,263,0,87,0,202
67,1084,264,0,87,0,202
68,1086,265,0,87,0,202
69,1089,265,0,87,0,202
70,1091,265,0,87,0,202
71,1095,266,0,87,0,202
72,1095,266,0,87,0,202
73,1091,267,0,87,0,202
74,1087,268,0,87,0,202
75,1092,269,0,87,0,202
76,1095,269,0,87,0,202
77,1097,270,0,87,0,202
78,1096,271,0,87,0,202
79,1101,271,0,87,0,202
80,1105,272,0,87,0,202
81,1103,272,0,87,0,202
82,1105,273,0,87,0,202
83,1103,274,0,87,0,202
84,1104,275,0,87,0,202
85,1100,275,0,87,0,202
86,1101,276,0,87,0,202
87,1099,277,0,87,0,202
88,1101,277,0,87,0,202
89,1105,278,0,87,0,202
90,1106,278,0,87,0,202
91,1103,279,0,87,0,202
92,1105,280,0,87,0,202
93,1110,280,0,87,0,202
94,1107,280,0,87,0,202
95,1107,281,0,87,0,202
96,1106,282,0,87,0,202
97,1111,282,0,87,0,202
98,1109,282,0,87,0,202
99,1107,282,0,87,0,202
100,1112,282,0,87,0,202
101,1109,283,0,87,0,202
102,1106,283,0,87,0,202
103,1110,284,0,87,0,202
104,1113,284,0,87,0,202
105,1114,285,0,87,0,202
106,1118,285,0,87,0,202
107,1115,285,0,87,0,202
108,1111,286,0,87,0,202
109,1116,286,0,87,0,202
110,1115,287,0,87,0,202
111,1116,287,0,87,0,202
112,1120,287,0,87,0,202
113,1124,288,0,87,0,202
114,1127,288,0,87,0,202
115,1127,288,0,87,0,202
116,1132,288,0,87,0,202
117,1133,289,0,87,0,202
118,1134,289,0,87,0,202
119,1130,290,0,87,0,202
120,1130,290,0,87,0,202
121,1128,291,0,87,0,202
122,1128,291,0,87,0,202
123,1131,292,0,87,0,202
124,1127,292,0,87,0,202
125,1130,293,0,87,0,202
126,1132,293,0,87,0,202
127,1129,294,0,87,0,202
128,1125,295,0,87,0,202
129,1121,295,0,87,0,202
130,1120,296,0,87,0,202
131,1116,296,0,87,0,202
132,1117,297,0,87,0,202
133,1116,297,0,87,0,202
134,1112,297,0,87,0,202
135,1111,298,0,87,0,202
136,1112,299,0,87,0,202
137,1116,300,0,87,0,202
138,1115,300,0,87,0,202
139,1118,300,0,87,0,202
140,1121,300,0,87,0,202
141,1121,300,0,87,0,202
142,1126,300,0,87,0,202
143,1130,300,0,87,0,202
144,1135,300,0,87,0,202
145,1131,300,0,87,0,202
146,1133,301,0,87,0,202
147,1131,301,0,87,0,202
148,1127,302,0,87,0,202
149,1127,302,0,87,0,202
150,1124,302,0,87,0,202
151,1125,302,0,87,0,202
152,1123,303,0,87,0,202
153,1127,303,0,87,0,202
154,1128,304,0,87,0,202
155,1130,305,0,87,0,202
156,1130,306,0,87,0,202
157,1132,307,0,87,0,202
158,1129,307,0,87,0,202
159,1125,308,0,87,0,202
160,1129,309,0,87,0,202
161,1128,309,0,87,0,202
162,1125,310,0,87,0,202
163,1127,311,0,87,0,202
164,1131,311,0,87,0,202
165,1130,312,0,87,0,202
166,1131,312,0,87,0,202
167,1130,313,0,87,0,202
168,1132,313,0,87,0,202
169,1130,314,0,87,0,202
170,1127,314,0,87,0,202
171,1126,314,0,87,0,202
172,1130,315,0,87,0,202
173,1134,315,0,87,0,202
174,1136,316,0,87,0,202
175,1139,316,0,87,0,202
176,1143,317,0,87,0,202
177,1147,317,0,87,0,202
178,1149,318,0,87,0,202
179,1153,319,0,87,0,202
180,1155,319,0,87,0,202
181,1152,320,0,87,0,202
182,1157,320,0,87,0,202
183,1154,321,0,87,202,202
0,1078,245,0,242,0,0
1,1078,245,0,242,0,0
2,1078,245,0,242,0,0
3,1078,245,0,242,0,0
4,1078,245,0,242,0,0
5,1078,245,0,242,0,0
6,1078,245,0,242,0,0
7,1078,245,0,242,0,0
8,1078,245,0,242,0,0
9,1078,245,0,242,0,0
10,1078,245,0,242,0,0
11,1078,245,0,242,0,0
12,1078,245,0,242,0,0
13,1078,245,0,242,0,0
14,1078,245,0,242,0,0
15,1078,245,0,242,0,0
16,1078,245,0,242,0,0
17,1078,245,0,242,0,0
18,1078,245,0,242,0,0
19,1078,245,0,242,0,0
20,1078,245,0,242,0,0
21,1078,245,0,242,0,0
22,1078,245,0,242,0,0
23,1078,245,0,242,0,0
24,1078,245,0,242,0,0
25,1078,245,0,242,0,0
26,1078,245,0,242,0,0
27,1078,245,0,242,0,0
28,1078,245,0,242,0,0
29,1078,245,0,242,0,0
30,1078,245,0,242,0,0
31,1078,245,0,242,0,0
32,1078,245,0,242,0,0
33,1078,245,0,242,0,0
34,1078,245,0,242,0,0
35,1078,245,0,242,0,0
36,1078,245,0,242,0,0
37,1078,245,0,242,0,0
38,1078,245,0,242,0,0
39,1078,245,0,242,0,0
40,1078,245,0,242,0,0
41,1078,245,0,242,0,0
42,1078,245,0,242,0,0
43,1078,245,0,242,0,0
44,1078,245,0,242,0,0
45,1078,245,0,242,0,0
46,1078,245,0,242,0,0
47,1078,245,0,242,0,0
48,1078,245,0,242,0,0
49,1078,245,0,242,0,0
50,1078,245,0,242,0,0
51,1078,245,0,242,0,0
52,1046,245,0,242,0,101
53,1042,245,0,242,0,101
54,1041,245,0,242,0,101
55,1037,245,0,242,0,101
56,1034,245,1,242,0,101
57,1034,245,0,242,0,101
58,1034,245,0,242,0,101
59,1034,245,0,242,0,101
60,1030,245,0,242,0,101
61,1028,245,0,242,0,101
62,1024,245,0,242,0,101
63,1020,245,0,242,0,101
64,1017,245,0,242,0,101
65,1017,245,0,242,0,101
66,1017,245,0,242,0,101
67,1016,245,0,242,0,101
68,1016,245,0,242,0,101
69,1014,245,0,242,0,101
70,1010,245,0,242,0,101
71,1010,245,0,242,0,101
72,1007,245,0,242,0,101
73,1004,245,1,242,0,101
74,1003,245,1,242,0,101
75,1002,245,0,242,0,101
76,1002,245,0,242,0,101
77,1000,245,0,242,0,101
78,999,245,0,242,0,101
79,996,245,0,242,0,101
80,994,245,0,242,0,101
81,994,245,0,242,0,101
82,990,245,0,242,0,101
83,987,245,0,242,0,101
84,985,245,0,242,0,101
85,984,245,0,242,0,101
86,983,245,0,242,0,101
87,983,245,0,242,0,101
88,981,245,0,242,0,101
89,979,245,0,242,0,101
90,979,245,0,242,0,101
91,977,245,0,242,0,101
92,975,245,0,242,0,101
93,973,245,0,242,0,101
94,971,245,0,242,0,101
95,967,245,0,242,0,101
96,964,245,0,242,0,101
97,961,245,0,242,0,101
98,960,245,0,242,0,101
99,958,245,0,242,0,101
100,958,245,0,242,0,101
101,957,245,0,242,0,101
102,956,245,0,242,0,101
103,954,245,0,242,0,101
104,951,245,0,242,0,101
105,949,245,0,242,0,101
106,949,245,0,242,0,101
107,946,245,0,242,0,101
108,944,245,0,242,0,101
109,944,245,0,242,0,101
110,940,245,0,242,0,101
111,940,245,1,242,0,101
112,940,245,0,242,0,101
113,936,245,0,242,0,101
114,935,245,0,242,0,101
115,931,245,0,242,0,101
116,929,245,0,242,0,101
117,927,245,0,242,0,101
118,927,245,0,242,0,101
119,926,245,0,242,0,101
120,925,245,0,242,0,101
121,922,245,0,242,0,101
122,922,245,0,242,0,101
123,919,245,0,242,0,101
124,919,245,0,242,0,101
125,916,245,0,242,0,101
126,915,245,0,242,0,101
127,911,245,0,242,0,101
128,909,245,0,242,0,101
129,909,245,0,242,0,101
130,906,245,0,242,0,101
131,906,245,0,242,0,101
132,903,245,0,242,0,101
133,901,245,0,242,0,101
134,897,245,0,242,0,101
135,893,245,0,242,0,101
136,889,245,0,242,0,101
137,888,245,0,242,0,101
138,884,245,0,242,0,101
139,884,245,0,242,0,101
140,880,245,0,242,0,101
141,876,245,0,242,0,101
142,875,245,0,242,0,101
143,874,245,0,242,0,101
144,874,245,0,242,0,101
145,874,245,0,242,0,101
146,870,245,0,242,0,101
147,869,245,0,242,0,101
148,865,245,0,242,0,101
149,863,245,0,242,0,101
150,862,245,0,242,0,101
151,862,245,0,242,0,101
152,858,245,1,242,0,101
153,855,245,0,242,0,101
154,852,245,0,242,0,101
155,849,245,0,242,101,101
0,1007,242,0,61,0,0
1,1007,242,0,61,0,0
2,1007,242,0,61,0,0
3,1007,242,0,61,0,0
4,1007,242,0,61,0,0
5,1007,242,0,61,0,0
6,1007,242,0,61,0,0
7,1007,242,0,61,0,0
8,1007,242,0,61,0,0
9,1007,242,0,61,0,0
10,1007,242,0,61,0,0
11,1007,242,0,61,0,0
12,1007,242,0,61,0,0
13,1007,242,0,61,0,0
14,1007,242,0,61,0,0
15,1007,242,0,61,0,0
16,1007,242,0,61,0,0
17,1007,242,0,61,0,0
18,1007,242,0,61,0,0
19,1007,242,0,61,0,0
20,1007,242,0,61,0,0
21,1007,242,0,61,0,0
22,1007,242,0,61,0,0
23,1007,242,0,61,0,0
24,1007,242,0,61,0,0
25,1007,242,0,61,0,0
26,1007,242,0,61,0,0
27,1007,242,0,61,0,0
28,1007,242,0,61,0,0
29,1007,242,0,61,0,0
30,1007,242,0,61,0,0
31,1007,242,0,61,0,0
32,1007,242,0,61,0,0
33,1007,242,0,61,0,0
34,1007,242,0,61,0,0
35,1007,242,0,61,0,0
36,1007,242,0,61,0,0
37,1007,242,0,61,0,0
38,1007,242,0,61,0,0
39,1007,242,0,61,0,0
40,1007,242,0,61,0,0
41,1007,242,0,61,0,0
42,1007,242,0,61,0,0
43,1007,242,0,61,0,0
44,1007,242,0,61,0,0
45,1007,242,0,61,0,0
46,1007,242,0,61,0,0
47,1007,242,0,61,0,0
48,1007,242,0,61,0,0
49,1007,242,0,61,0,0
50,1007,242,0,61,0,0
51,1007,242,0,61,0,0
52,1017,248,0,61,0,202
53,1014,249,0,61,0,202
54,1016,249,0,61,0,202
55,1013,250,0,61,0,202
56,1016,251,0,61,0,202
57,1015,252,0,61,0,202
58,1017,253,0,61,0,202
59,1018,253,0,61,0,202
60,1017,253,0,61,0,202
61,1019,253,0,61,0,202
62,1019,253,0,61,0,202
63,1021,254,0,61,0,202
64,1017,255,0,61,0,202
65,1021,256,0,61,0,202
66,1026,257,0,61,0,202
67,1029,257,0,61,0,202
68,1027,258,0,61,0,202
69,1028,258,0,61,0,202
70,1032,258,0,61,0,202
71,1031,259,0,61,0,202
72,1033,260,0,61,0,202
73,1034,260,0,61,0,202
74,1033,260,0,61,0,202
75,1036,260,0,61,0,202
76,1038,261,0,61,0,202
77,1041,261,0,61,0,202
78,1041,261,0,61,0,202
79,1046,262,0,61,0,202
80,1048,263,0,61,0,202
81,1047,264,0,61,0,202
82,1051,264,0,61,0,202
83,1055,264,0,61,0,202
84,1058,264,0,61,0,202
85,1055,264,0,61,0,202
86,1055,264,0,61,0,202
87,1055,264,0,61,0,202
88,1060,264,0,61,0,202
89,1064,264,0,61,0,202
90,1063,265,0,61,0,202
91,1067,266,0,61,0,202
92,1068,267,0,61,0,202
93,1068,268,0,61,0,202
94,1067,269,0,61,0,202
95,1068,270,0,61,0,202
96,1071,271,0,61,0,202
97,1069,271,0,61,0,202
98,1068,271,0,61,0,202
99,1070,272,0,61,0,202
100,1066,273,0,61,0,202
101,1068,273,0,61,0,202
102,1066,273,0,61,0,202
103,1069,273,0,61,0,202
104,1069,274,0,61,0,202
105,1068,274,0,61,0,202
106,1071,274,0,61,0,202
107,1070,274,0,61,0,202
108,1073,274,0,61,0,202
109,1071,274,0,61,0,202
110,1069,275,0,61,0,202
111,1065,276,0,61,0,202
112,1061,277,0,61,0,202
113,1064,277,0,61,0,202
114,1063,278,0,61,0,202
115,1068,278,0,61,0,202
116,1066,279,0,61,0,202
117,1065,279,0,61,0,202
118,1068,279,0,61,0,202
119,1067,279,0,61,0,202
120,1069,279,0,61,0,202
121,1066,280,0,61,0,202
122,1070,280,0,61,0,202
123,1073,280,0,61,0,202
124,1072,281,0,61,0,202
125,1069,281,0,61,0,202
126,1069,281,0,61,0,202
127,1071,282,0,61,0,202
128,1071,283,0,61,0,202
129,1073,283,0,61,0,202
130,1073,283,0,61,0,202
131,1074,283,0,61,0,202
132,1075,284,0,61,0,202
133,1072,285,0,61,0,202
134,1077,285,0,61,0,202
135,1079,285,0,61,0,202
136,1082,286,0,61,0,202
137,1086,287,0,61,0,202
138,1091,287,0,61,0,202
139,1088,288,0,61,0,202
140,1091,288,0,61,0,202
141,1088,288,0,61,0,202
142,1089,288,0,61,0,202
143,1088,289,0,61,0,202
144,1093,289,0,61,0,202
145,1092,290,0,61,0,202
146,1096,290,0,61,0,202
147,1101,290,0,61,0,202
148,1098,291,0,61,0,202
149,1101,291,0,61,0,202
150,1105,291,0,61,0,202
151,1101,292,0,61,0,202
152,1105,292,0,61,0,202
153,1108,292,0,61,0,202
154,1111,292,0,61,0,202
155,1108,292,0,61,0,202
156,1106,292,0,61,0,202
157,1108,292,0,61,0,202
158,1104,292,0,61,0,202
159,1108,292,0,61,0,202
160,1111,292,0,61,0,202
161,1108,293,0,61,0,202
162,1110,294,0,61,0,202
163,1107,294,0,61,0,202
164,1111,294,0,61,0,202
165,1112,295,0,61,0,202
166,1115,296,0,61,0,202
167,1116,296,0,61,0,202
168,1113,297,0,61,0,202
169,1109,298,0,61,0,202
170,1105,299,0,61,0,202
171,1103,300,0,61,0,202
172,1104,301,0,61,0,202
173,1109,302,0,61,0,202
174,1113,303,0,61,0,202
175,1113,304,0,61,0,202
176,1113,304,0,61,0,202
177,1118,305,0,61,0,202
178,1117,305,0,61,0,202
179,1121,306,0,61,0,202
180,1118,306,0,61,0,202
181,1120,306,0,61,0,202
182,1117,306,0,61,0,202
183,1122,306,0,61,0,202
184,1122,307,0,61,0,202
185,1120,307,0,61,0,202
186,1124,308,0,61,0,202
187,1126,309,0,61,0,202
188,1127,310,0,61,0,202
189,1131,310,0,61,0,202
190,1127,311,0,61,0,202
191,1125,311,0,61,0,202
192,1126,311,0,61,0,202
193,1123,312,0,61,0,202
194,1123,313,0,61,0,202
195,1125,314,0,61,0,202
196,1122,314,0,61,0,202
197,1124,314,0,61,0,202
198,1126,314,0,61,0,202
199,1126,315,0,61,0,202
200,1124,315,0,61,0,202
201,1129,315,0,61,0,202
202,1128,316,0,61,0,202
203,1124,316,0,61,0,202
204,1122,316,0,61,0,202
205,1127,317,0,61,0,202
206,1131,317,0,61,0,202
207,1136,317,0,61,0,202
208,1141,317,0,61,0,202
209,1138,317,0,61,0,202
210,1141,317,0,61,0,202
211,1143,318,0,61,0,202
212,1148,318,0,61,0,202
213,1145,318,0,61,0,202
214,1150,318,0,61,0,202
215,1148,319,0,61,0,202
216,1149,320,0,61,0,202
217,1146,321,0,61,0,202
218,1146,321,0,61,0,202
219,1149,321,0,61,0,202
220,1152,322,0,61,202,202
0,1036,243,0,385,0,0
1,1036,243,0,385,0,0
2,1036,243,0,385,0,0
3,1036,243,0,385,0,0
4,1036,243,0,385,0,0
5,1036,243,0,385,0,0
6,1036,243,0,385,0,0
7,1036,243,0,385,0,0
8,1036,243,0,385,0,0
9,1036,243,0,385,0,0
10,1036,243,0,385,0,0
11,1036,243,0,385,0,0
12,1036,243,0,385,0,0
13,1036,243,0,385,0,0
14,1036,243,0,385,0,0
15,1036,243,0,385,0,0
16,1036,243,0,385,0,0
17,1036,243,0,385,0,0
18,1036,243,0,385,0,0
19,1036,243,0,385,0,0
20,1036,243,0,385,0,0
21,1036,243,0,385,0,0
22,1036,243,0,385,0,0
23,1036,243,0,385,0,0
24,1036,243,0,385,0,0
25,1036,243,0,385,0,0
26,1036,243,0,385,0,0
27,1036,243,0,385,0,0
28,1036,243,0,385,0,0
29,1036,243,0,385,0,0
30,1036,243,0,385,0,0
31,1036,243,0,385,0,0
32,1036,243,0,385,0,0
33,1036,243,0,385,0,0
34,1036,243,0,385,0,0
35,1036,243,0,385,0,0
36,1036,243,0,385,0,0
37,1036,243,0,385,0,0
38,1036,243,0,385,0,0
39,1036,243,0,385,0,0
40,1036,243,0,385,0,0
41,1036,243,0,385,0,0
42,1036,243,0,385,0,0
43,1036,243,0,385,0,0
44,1036,243,0,385,0,0
45,1036,243,0,385,0,0
46,1036,243,0,385,0,0
47,1036,243,0,385,0,0
48,1036,243,0,385,0,0
49,1036,243,0,385,0,0
50,1036,243,0,385,0,0
51,1036,243,0,385,0,0
52,1036,243,0,385,0,0
53,1036,243,0,385,0,0
54,964,243,0,385,0,303
55,958,243,0,385,0,303
56,956,243,0,385,0,303
57,955,243,0,385,0,303
58,947,243,0,385,0,303
59,941,243,0,385,0,303
60,941,243,0,385,0,303
61,935,243,0,385,0,303
62,929,243,0,385,0,303
63,922,243,0,385,0,303
64,918,243,0,385,0,303
65,917,243,0,385,0,303
66,911,243,0,385,0,303
67,906,243,0,385,0,303
68,904,243,0,385,0,303
69,896,243,0,385,0,303
70,892,243,0,385,0,303
71,883,243,0,385,0,303
72,878,243,0,385,0,303
73,869,243,0,385,303,303
