Time,Power,Temperature,Pressure,Uptime,Status,Outcome
0,1059,259,0,404,0,0
1,1059,259,0,404,0,0
2,1059,259,0,404,0,0
3,1059,259,0,404,0,0
4,1059,259,0,404,0,0
5,1059,259,0,404,0,0
6,1059,259,0,404,0,0
7,1059,259,0,404,0,0
8,1059,259,0,404,0,0
9,1059,259,0,404,0,0
10,1059,259,0,404,0,0
11,1059,259,0,404,0,0
12,1059,259,0,404,0,0
13,1059,259,0,404,0,0
14,1059,259,0,404,0,0
15,1059,259,0,404,0,0
16,1059,259,0,404,0,0
17,1059,259,0,404,0,0
18,1059,259,0,404,0,0
19,1059,259,0,404,0,0
20,1059,259,0,404,0,0
21,1059,259,0,404,0,0
22,1059,259,0,404,0,0
23,1059,259,0,404,0,0
24,1059,259,0,404,0,0
25,1059,259,0,404,0,0
26,1059,259,0,404,0,0
27,1059,259,0,404,0,0
28,1059,259,0,404,0,0
29,1059,259,0,404,0,0
30,1059,259,0,404,0,0
31,1059,259,0,404,0,0
32,1059,259,0,404,0,0
33,1059,259,0,404,0,0
34,1059,259,0,404,0,0
35,1059,259,0,404,0,0
36,1059,259,0,404,0,0
37,1059,259,0,404,0,0
38,1059,259,0,404,0,0
39,1059,259,0,404,0,0
40,1059,259,0,404,0,0
41,1059,259,0,404,0,0
42,1059,259,0,404,0,0
43,1059,259,0,404,0,0
44,1059,259,0,404,0,0
45,1059,259,0,404,0,0
46,1059,259,0,404,0,0
47,1059,259,0,404,0,0
48,1059,259,0,404,0,0
49,1059,259,0,404,0,0
50,1059,259,0,404,0,0
51,1059,259,0,404,0,0
52,1059,259,0,404,0,0
53,1007,259,0,404,0,303
54,998,259,0,404,0,303
55,990,259,0,404,0,303
56,989,259,0,404,0,303
57,986,259,0,404,0,303
58,983,259,0,404,0,303
59,979,259,0,404,0,303
60,973,259,0,404,0,303
61,971,259,0,404,0,303
62,964,259,0,404,0,303
63,958,259,0,404,0,303
64,954,259,0,404,0,303
65,950,259,0,404,0,303
66,949,259,0,404,0,303
67,948,259,0,404,0,303
68,943,259,0,404,0,303
69,939,259,0,404,0,303
70,933,259,0,404,0,303
71,927,259,0,404,0,303
72,919,259,0,404,0,303
73,918,259,0,404,0,303
74,911,259,0,404,0,303
75,907,259,0,404,0,303
76,903,259,0,404,0,303
77,902,259,0,404,0,303
78,894,259,0,404,0,303
79,888,259,0,404,0,303
80,884,259,0,404,0,303
81,883,259,0,404,0,303
82,882,259,0,404,0,303
83,880,259,0,404,0,303
84,873,259,0,404,0,303
85,866,259,0,404,0,303
86,858,259,0,404,0,303
87,850,259,0,404,0,303
88,844,259,0,404,0,303
89,839,259,0,404,0,303
90,834,259,0,404,303,303
0,965,251,0,209,0,0
1,965,251,0,209,0,0
2,965,251,0,209,0,0
3,965,251,0,209,0,0
4,965,251,0,209,0,0
5,965,251,0,209,0,0
6,965,251,0,209,0,0
7,965,251,0,209,0,0
8,965,251,0,209,0,0
9,965,251,0,209,0,0
10,965,251,0,209,0,0
11,965,251,0,209,0,0
12,965,251,0,209,0,0
13,965,251,0,209,0,0
14,965,251,0,209,0,0
15,965,251,0,209,0,0
16,965,251,0,209,0,0
17,965,251,0,209,0,0
18,965,251,0,209,0,0
19,965,251,0,209,0,0
20,965,251,0,209,0,0
21,965,251,0,209,0,0
22,965,251,0,209,0,0
23,965,251,0,209,0,0
24,965,251,0,209,0,0
25,965,251,0,209,0,0
26,965,251,0,209,0,0
27,965,251,0,209,0,0
28,965,251,0,209,0,0
29,965,251,0,209,0,0
30,965,251,0,209,0,0
31,965,251,0,209,0,0
32,965,251,0,209,0,0
33,965,251,0,209,0,0
34,965,251,0,209,0,0
35,965,251,0,209,0,0
36,965,251,0,209,0,0
37,965,251,0,209,0,0
38,965,251,0,209,0,0
39,965,251,0,209,0,0
40,965,251,0,209,0,0
41,965,251,0,209,0,0
42,965,251,0,209,0,0
43,965,251,0,209,0,0
44,965,251,0,209,0,0
45,965,251,0,209,0,0
46,965,251,0,209,0,0
47,965,251,0,209,0,0
48,965,251,0,209,0,0
49,965,251,0,209,0,0
50,965,251,0,209,0,0
51,965,251,0,209,0,0
52,965,251,0,209,0,0
53,938,251,0,209,0,101
54,936,251,0,209,0,101
55,932,251,0,209,0,101
56,932,251,0,209,0,101
57,929,251,0,209,0,101
58,925,251,0,209,0,101
59,925,251,0,209,0,101
60,923,251,0,209,0,101
61,919,251,0,209,0,101
62,917,251,0,209,0,101
63,915,251,0,209,0,101
64,914,251,0,209,0,101
65,910,251,0,209,0,101
66,910,251,0,209,0,101
67,908,251,0,209,0,101
68,907,251,0,209,0,101
69,905,251,0,209,0,101
70,904,251,0,209,0,101
71,901,251,0,209,0,101
72,897,251,0,209,0,101
73,896,251,0,209,0,101
74,894,251,0,209,0,101
75,892,251,0,209,0,101
76,891,251,0,209,0,101
77,889,251,0,209,0,101
78,887,251,0,209,0,101
79,887,251,1,209,0,101
80,885,251,0,209,0,101
81,885,251,0,209,0,101
82,883,251,0,209,0,101
83,882,251,0,209,0,101
84,881,251,0,209,0,101
85,881,251,0,209,0,101
86,881,251,0,209,0,101
87,880,251,0,209,0,101
88,880,251,0,209,0,101
89,879,251,0,209,0,101
90,875,251,0,209,0,101
91,875,251,0,209,0,101
92,874,251,0,209,0,101
93,872,251,0,209,0,101
94,871,251,1,209,0,101
95,869,251,0,209,0,101
96,865,251,0,209,0,101
97,863,251,0,209,0,101
98,860,251,0,209,0,101
99,856,251,0,209,0,101
100,854,251,0,209,0,101
101,850,251,0,209,0,101
102,850,251,0,209,0,101
103,850,251,0,209,0,101
104,846,251,0,209,0,101
105,842,251,0,209,0,101
106,838,251,0,209,0,101
107,838,251,0,209,0,101
108,838,251,0,209,0,101
109,835,251,0,209,0,101
110,835,251,0,209,0,101
111,832,251,1,209,0,101
112,828,251,0,209,0,101
113,827,251,0,209,0,101
114,824,251,0,209,0,101
115,822,251,0,209,0,101
116,818,251,0,209,0,101
117,814,251,0,209,0,101
118,814,251,0,209,0,101
119,810,251,0,209,0,101
120,807,251,0,209,0,101
121,804,251,0,209,0,101
122,800,251,0,209,0,101
123,800,251,0,209,0,101
124,796,251,0,209,0,101
125,794,251,0,209,0,101
126,794,251,0,209,0,101
127,794,251,0,209,0,101
128,794,251,0,209,0,101
129,791,251,0,209,0,101
130,790,251,0,209,0,101
131,790,251,0,209,0,101
132,787,251,0,209,0,101
133,787,251,0,209,0,101
134,786,251,0,209,0,101
135,782,251,0,209,0,101
136,780,251,0,209,0,101
137,780,251,0,209,0,101
138,780,251,0,209,0,101
139,776,251,0,209,0,101
140,775,251,0,209,0,101
141,775,251,0,209,0,101
142,771,251,0,209,0,101
143,768,251,0,209,0,101
144,764,251,0,209,0,101
145,761,251,0,209,0,101
146,761,251,0,209,0,101
147,757,251,0,209,0,101
148,753,251,0,209,0,101
149,752,251,0,209,0,101
150,752,251,0,209,0,101
151,750,251,0,209,0,101
152,748,251,0,209,0,101
153,744,251,0,209,0,101
154,742,251,0,209,0,101
155,740,251,0,209,0,101
156,736,251,0,209,0,101
157,736,251,0,209,0,101
158,734,251,0,209,0,101
159,734,251,0,209,0,101
160,734,251,0,209,0,101
161,734,251,0,209,0,101
162,734,251,0,209,0,101
163,730,251,0,209,0,101
164,727,251,0,209,0,101
165,727,251,0,209,0,101
166,727,251,0,209,0,101
167,724,251,0,209,0,101
168,724,251,0,209,0,101
169,720,251,0,209,0,101
170,720,251,0,209,0,101
171,720,251,0,209,0,101
172,716,251,0,209,0,101
173,714,251,1,209,0,101
174,712,251,0,209,0,101
175,711,251,0,209,0,101
176,711,251,0,209,0,101
177,711,251,0,209,0,101
178,710,251,0,209,0,101
179,707,251,0,209,0,101
180,705,251,0,209,0,101
181,704,251,0,209,0,101
182,703,251,0,209,0,101
183,699,251,0,209,0,101
184,699,251,0,209,0,101
185,696,251,0,209,0,101
186,693,251,0,209,0,101
187,693,251,0,209,0,101
188,689,251,0,209,0,101
189,685,251,0,209,0,101
190,684,251,0,209,0,101
191,680,251,0,209,0,101
192,678,251,0,209,0,101
193,676,251,0,209,0,101
194,675,251,0,209,0,101
195,675,251,0,209,0,101
196,674,251,0,209,0,101
197,670,251,0,209,0,101
198,668,251,0,209,0,101
199,667,251,0,209,0,101
200,665,251,0,209,0,101
201,664,251,0,209,0,101
202,661,251,0,209,0,101
203,657,251,0,209,0,101
204,653,251,0,209,0,101
205,650,251,1,209,0,101
206,646,251,0,209,0,101
207,644,251,0,209,0,101
208,644,251,0,209,0,101
209,640,251,0,209,101,101
0,960,242,0,436,0,0
1,960,242,0,436,0,0
2,960,242,0,436,0,0
3,960,242,0,436,0,0
4,960,242,0,436,0,0
5,960,242,0,436,0,0
6,960,242,0,436,0,0
7,960,242,0,436,0,0
8,960,242,0,436,0,0
9,960,242,0,436,0,0
10,960,242,0,436,0,0
11,960,242,0,436,0,0
12,960,242,0,436,0,0
13,960,242,0,436,0,0
14,960,242,0,436,0,0
15,960,242,0,436,0,0
16,960,242,0,436,0,0
17,960,242,0,436,0,0
18,960,242,0,436,0,0
19,960,242,0,436,0,0
20,960,242,0,436,0,0
21,960,242,0,436,0,0
22,960,242,0,436,0,0
23,960,242,0,436,0,0
24,960,242,0,436,0,0
25,960,242,0,436,0,0
26,960,242,0,436,0,0
27,960,242,0,436,0,0
28,960,242,0,436,0,0
29,960,242,0,436,0,0
30,960,242,0,436,0,0
31,960,242,0,436,0,0
32,960,242,0,436,0,0
33,960,242,0,436,0,0
34,960,242,0,436,0,0
35,960,242,0,436,0,0
36,960,242,0,436,0,0
37,960,242,0,436,0,0
38,960,242,0,436,0,0
39,960,242,0,436,0,0
40,960,242,0,436,0,0
41,960,242,0,436,0,0
42,960,242,0,436,0,0
43,960,242,0,436,0,0
44,960,242,0,436,0,0
45,960,242,0,436,0,0
46,960,242,0,436,0,0
47,960,242,0,436,0,0
48,960,242,0,436,0,0
49,960,242,0,436,0,0
50,960,242,0,436,0,0
51,960,242,0,436,0,0
52,960,242,0,436,0,0
53,900,242,0,436,0,303
54,898,242,0,436,0,303
55,896,242,0,436,0,303
56,896,242,0,436,0,303
57,895,242,0,436,0,303
58,889,242,0,436,0,303
59,887,242,0,436,0,303
60,883,242,0,436,0,303
61,875,242,0,436,0,303
62,872,242,0,436,0,303
63,872,242,0,436,303,303
0,905,253,0,393,0,0
1,905,253,0,393,0,0
2,905,253,0,393,0,0
3,905,253,0,393,0,0
4,905,253,0,393,0,0
5,905,253,0,393,0,0
6,905,253,0,393,0,0
7,905,253,0,393,0,0
8,905,253,0,393,0,0
9,905,253,0,393,0,0
10,905,253,0,393,0,0
11,905,253,0,393,0,0
12,905,253,0,393,0,0
13,905,253,0,393,0,0
14,905,253,0,393,0,0
15,905,253,0,393,0,0
16,905,253,0,393,0,0
17,905,253,0,393,0,0
18,905,253,0,393,0,0
19,905,253,0,393,0,0
20,905,253,0,393,0,0
21,905,253,0,393,0,0
22,905,253,0,393,0,0
23,905,253,0,393,0,0
24,905,253,0,393,0,0
25,905,253,0,393,0,0
26,905,253,0,393,0,0
27,905,253,0,393,0,0
28,905,253,0,393,0,0
29,905,253,0,393,0,0
30,905,253,0,393,0,0
31,905,253,0,393,0,0
32,905,253,0,393,0,0
33,905,253,0,393,0,0
34,905,253,0,393,0,0
35,905,253,0,393,0,0
36,905,253,0,393,0,0
37,905,253,0,393,0,0
38,905,253,0,393,0,0
39,905,253,0,393,0,0
40,905,253,0,393,0,0
41,905,253,0,393,0,0
42,905,253,0,393,0,0
43,905,253,0,393,0,0
44,905,253,0,393,0,0
45,905,253,0,393,0,0
46,905,253,0,393,0,0
47,905,253,0,393,0,0
48,905,253,0,393,0,0
49,905,253,0,393,0,0
50,905,253,0,393,0,0
51,905,253,0,393,0,0
52,905,253,0,393,0,0
0,1036,243,0,387,0,0
1,1036,243,0,387,0,0
2,1036,243,0,387,0,0
3,1036,243,0,387,0,0
4,1036,243,0,387,0,0
5,1036,243,0,387,0,0
6,1036,243,0,387,0,0
7,1036,243,0,387,0,0
8,1036,243,0,387,0,0
9,1036,243,0,387,0,0
10,1036,243,0,387,0,0
11,1036,243,0,387,0,0
12,1036,243,0,387,0,0
13,1036,243,0,387,0,0
14,1036,243,0,387,0,0
15,1036,243,0,387,0,0
16,1036,243,0,387,0,0
17,1036,243,0,387,0,0
18,1036,243,0,387,0,0
19,1036,243,0,387,0,0
20,1036,243,0,387,0,0
21,1036,243,0,387,0,0
22,1036,243,0,387,0,0
23,1036,243,0,387,0,0
24,1036,243,0,387,0,0
25,1036,243,0,387,0,0
26,1036,243,0,387,0,0
27,1036,243,0,387,0,0
28,1036,243,0,387,0,0
29,1036,243,0,387,0,0
30,1036,243,0,387,0,0
31,1036,243,0,387,0,0
32,1036,243,0,387,0,0
33,1036,243,0,387,0,0
34,1036,243,0,387,0,0
35,1036,243,0,387,0,0
36,1036,243,0,387,0,0
37,1036,243,0,387,0,0
38,1036,243,0,387,0,0
39,1036,243,0,387,0,0
40,1036,243,0,387,0,0
41,1036,243,0,387,0,0
42,1036,243,0,387,0,0
43,1036,243,0,387,0,0
44,1036,243,0,387,0,0
45,1036,243,0,387,0,0
46,1036,243,0,387,0,0
47,1036,243,0,387,0,0
48,1036,243,0,387,0,0
49,1036,243,0,387,0,0
50,1036,243,0,387,0,0
51,1036,243,0,387,0,0
52,1036,243,0,387,0,0
53,975,243,0,387,0,303
54,968,243,0,387,0,303
55,961,243,0,387,0,303
56,961,243,0,387,0,303
57,952,243,0,387,0,303
58,945,243,0,387,0,303
59,944,243,0,387,0,303
60,941,243,0,387,0,303
61,937,243,0,387,0,303
62,932,243,0,387,0,303
63,930,243,0,387,0,303
64,926,243,0,387,0,303
65,921,243,0,387,0,303
66,914,243,0,387,0,303
67,908,243,0,387,0,303
68,902,243,0,387,0,303
69,896,243,0,387,0,303
70,894,243,0,387,0,303
71,887,243,0,387,0,303
72,880,243,0,387,0,303
73,876,243,0,387,0,303
74,871,243,0,387,0,303
75,866,243,0,387,0,303
76,864,243,0,387,303,303
0,1071,254,0,111,0,0
1,1071,254,0,111,0,0
2,1071,254,0,111,0,0
3,1071,254,0,111,0,0
4,1071,254,0,111,0,0
5,1071,254,0,111,0,0
6,1071,254,0,111,0,0
7,1071,254,0,111,0,0
8,1071,254,0,111,0,0
9,1071,254,0,111,0,0
10,1071,254,0,111,0,0
11,1071,254,0,111,0,0
12,1071,254,0,111,0,0
13,1071,254,0,111,0,0
14,1071,254,0,111,0,0
15,1071,254,0,111,0,0
16,1071,254,0,111,0,0
17,1071,254,0,111,0,0
18,1071,254,0,111,0,0
19,1071,254,0,111,0,0
20,1071,254,0,111,0,0
21,1071,254,0,111,0,0
22,1071,254,0,111,0,0
23,1071,254,0,111,0,0
24,1071,254,0,111,0,0
25,1071,254,0,111,0,0
26,1071,254,0,111,0,0
27,1071,254,0,111,0,0
28,1071,254,0,111,0,0
29,1071,254,0,111,0,0
30,1071,254,0,111,0,0
31,1071,254,0,111,0,0
32,1071,254,0,111,0,0
33,1071,254,0,111,0,0
34,1071,254,0,111,0,0
35,1071,254,0,111,0,0
36,1071,254,0,111,0,0
37,1071,254,0,111,0,0
38,1071,254,0,111,0,0
39,1071,254,0,111,0,0
40,1071,254,0,111,0,0
41,1071,254,0,111,0,0
42,1071,254,0,111,0,0
43,1071,254,0,111,0,0
44,1071,254,0,111,0,0
45,1071,254,0,111,0,0
46,1071,254,0,111,0,0
47,1071,254,0,111,0,0
48,1071,254,0,111,0,0
49,1071,254,0,111,0,0
50,1071,254,0,111,0,0
51,1071,254,0,111,0,0
52,1073,264,0,111,0,202
53,1078,265,0,111,0,202
54,1076,265,0,111,0,202
55,1076,266,0,111,0,202
56,1080,267,0,111,0,202
57,1078,268,0,111,0,202
58,1078,269,0,111,0,202
59,1079,270,0,111,0,202
60,1082,270,0,111,0,202
61,1079,270,0,111,0,202
62,1081,271,0,111,0,202
63,1085,271,0,111,0,202
64,1088,272,0,111,0,202
65,1089,272,0,111,0,202
66,1091,272,0,111,0,202
67,1088,272,0,111,0,202
68,1091,272,0,111,0,202
69,1096,273,0,111,0,202
70,1100,274,0,111,0,202
71,1097,275,0,111,0,202
72,1102,275,0,111,0,202
73,1107,276,0,111,0,202
74,1103,277,0,111,0,202
75,1105,278,0,111,0,202
76,1106,279,0,111,0,202
77,1103,280,0,111,0,202
78,1101,280,0,111,0,202
79,1105,281,0,111,0,202
80,1107,282,0,111,0,202
81,1112,282,0,111,0,202
82,1110,282,0,111,0,202
83,1110,283,0,111,0,202
84,1114,284,0,111,0,202
85,1118,285,0,111,0,202
86,1114,285,0,111,0,202
87,1114,285,0,111,0,202
88,1114,286,0,111,0,202
89,1117,287,0,111,0,202
90,1113,287,0,111,0,202
91,1115,287,0,111,0,202
92,1116,288,0,111,0,202
93,1116,288,0,111,0,202
94,1114,289,0,111,0,202
95,1113,289,0,111,0,202
96,1115,290,0,111,0,202
97,1113,290,0,111,0,202
98,1110,291,0,111,0,202
99,1107,291,0,111,0,202
100,1111,291,0,111,0,202
101,1111,292,0,111,0,202
102,1108,293,0,111,0,202
103,1112,293,0,111,0,202
104,1109,294,0,111,0,202
105,1108,295,0,111,0,202
106,1106,296,0,111,0,202
107,1103,297,0,111,0,202
108,1100,297,0,111,0,202
109,1102,297,0,111,0,202
110,1102,298,0,111,0,202
111,1098,298,0,111,0,202
112,1103,299,0,111,0,202
113,1100,299,0,111,0,202
114,1099,300,0,111,0,202
115,1101,301,0,111,0,202
116,1098,301,0,111,0,202
117,1099,301,0,111,0,202
118,1097,302,0,111,0,202
119,1098,302,0,111,0,202
120,1099,303,0,111,0,202
121,1101,303,0,111,0,202
122,1105,303,0,111,0,202
123,1108,303,0,111,0,202
124,1107,304,0,111,0,202
125,1110,304,0,111,0,202
126,1113,305,0,111,0,202
127,1116,305,0,111,0,202
128,1121,306,0,111,0,202
129,1119,307,0,111,0,202
130,1115,307,0,111,0,202
131,1113,308,0,111,0,202
132,1110,308,0,111,0,202
133,1112,308,0,111,0,202
134,1110,308,0,111,0,202
135,1112,309,0,111,0,202
136,1116,309,0,111,0,202
137,1118,309,0,111,0,202
138,1115,310,0,111,0,202
139,1116,310,0,111,0,202
140,1112,311,0,111,0,202
141,1112,311,0,111,0,202
142,1111,312,0,111,0,202
143,1111,313,0,111,0,202
144,1109,313,0,111,0,202
145,1111,313,0,111,0,202
146,1114,314,0,111,0,202
147,1119,315,0,111,0,202
148,1117,315,0,111,0,202
149,1121,315,0,111,0,202
150,1120,315,0,111,0,202
151,1122,316,0,111,0,202
152,1119,317,0,111,0,202
153,1123,317,0,111,0,202
154,1125,317,0,111,0,202
155,1122,317,0,111,0,202
156,1123,317,0,111,0,202
157,1122,318,0,111,0,202
158,1121,318,0,111,0,202
159,1122,318,0,111,0,202
160,1122,318,0,111,0,202
161,1120,318,0,111,0,202
162,1123,318,0,111,0,202
163,1122,318,0,111,0,202
164,1123,319,0,111,0,202
165,1126,319,0,111,0,202
166,1130,319,0,111,0,202
167,1135,319,0,111,0,202
168,1137,319,0,111,0,202
169,1136,319,0,111,0,202
170,1141,320,0,111,0,202
171,1139,321,0,111,0,202
172,1136,322,0,111,202,202
0,952,252,0,284,0,0
1,952,252,0,284,0,0
2,952,252,0,284,0,0
3,952,252,0,284,0,0
4,952,252,0,284,0,0
5,952,252,0,284,0,0
6,952,252,0,284,0,0
7,952,252,0,284,0,0
8,952,252,0,284,0,0
9,952,252,0,284,0,0
10,952,252,0,284,0,0
11,952,252,0,284,0,0
12,952,252,0,284,0,0
13,952,252,0,284,0,0
14,952,252,0,284,0,0
15,952,252,0,284,0,0
16,952,252,0,284,0,0
17,952,252,0,284,0,0
18,952,252,0,284,0,0
19,952,252,0,284,0,0
20,952,252,0,284,0,0
21,952,252,0,284,0,0
22,952,252,0,284,0,0
23,952,252,0,284,0,0
24,952,252,0,284,0,0
25,952,252,0,284,0,0
26,952,252,0,284,0,0
27,952,252,0,284,0,0
28,952,252,0,284,0,0
29,952,252,0,284,0,0
30,952,252,0,284,0,0
31,952,252,0,284,0,0
32,952,252,0,284,0,0
33,952,252,0,284,0,0
34,952,252,0,284,0,0
35,952,252,0,284,0,0
36,952,252,0,284,0,0
37,952,252,0,284,0,0
38,952,252,0,284,0,0
39,952,252,0,284,0,0
40,952,252,0,284,0,0
41,952,252,0,284,0,0
42,952,252,0,284,0,0
43,952,252,0,284,0,0
44,952,252,0,284,0,0
45,952,252,0,284,0,0
46,952,252,0,284,0,0
47,952,252,0,284,0,0
48,952,252,0,284,0,0
49,952,252,0,284,0,0
50,952,252,0,284,0,0
51,952,252,0,284,0,0
52,952,252,0,284,0,0
53,920,252,0,284,0,101
54,916,252,0,284,0,101
55,916,252,0,284,0,101
56,915,252,0,284,0,101
57,914,252,0,284,0,101
58,911,252,0,284,0,101
59,911,252,0,284,0,101
60,907,252,0,284,0,101
61,903,252,0,284,0,101
62,903,252,0,284,0,101
63,901,252,0,284,0,101
64,898,252,0,284,0,101
65,895,252,0,284,0,101
66,895,252,0,284,0,101
67,892,252,0,284,0,101
68,888,252,1,284,0,101
69,887,252,0,284,0,101
70,887,252,1,284,0,101
71,887,252,0,284,0,101
72,885,252,0,284,0,101
73,885,252,0,284,0,101
74,885,252,0,284,0,101
75,882,252,0,284,0,101
76,878,252,0,284,0,101
77,877,252,0,284,0,101
78,873,252,0,284,0,101
79,870,252,0,284,0,101
80,870,252,0,284,0,101
81,870,252,0,284,0,101
82,868,252,1,284,0,101
83,867,252,1,284,0,101
84,867,252,0,284,0,101
85,867,252,0,284,0,101
86,864,252,0,284,0,101
87,864,252,0,284,0,101
88,860,252,0,284,0,101
89,860,252,0,284,0,101
90,859,252,0,284,0,101
91,856,252,0,284,0,101
92,853,252,0,284,0,101
93,849,252,0,284,0,101
94,847,252,0,284,0,101
95,845,252,0,284,0,101
96,843,252,0,284,0,101
97,842,252,0,284,0,101
98,842,252,1,284,0,101
99,842,252,0,284,0,101
100,842,252,0,284,101,101
0,1072,259,0,229,0,0
1,1072,259,0,229,0,0
2,1072,259,0,229,0,0
3,1072,259,0,229,0,0
4,1072,259,0,229,0,0
5,1072,259,0,229,0,0
6,1072,259,0,229,0,0
7,1072,259,0,229,0,0
8,1072,259,0,229,0,0
9,1072,259,0,229,0,0
10,1072,259,0,229,0,0
11,1072,259,0,229,0,0
12,1072,259,0,229,0,0
13,1072,259,0,229,0,0
14,1072,259,0,229,0,0
15,1072,259,0,229,0,0
16,1072,259,0,229,0,0
17,1072,259,0,229,0,0
18,1072,259,0,229,0,0
19,1072,259,0,229,0,0
20,1072,259,0,229,0,0
21,1072,259,0,229,0,0
22,1072,259,0,229,0,0
23,1072,259,0,229,0,0
24,1072,259,0,229,0,0
25,1072,259,0,229,0,0
26,1072,259,0,229,0,0
27,1072,259,0,229,0,0
28,1072,259,0,229,0,0
29,1072,259,0,229,0,0
30,1072,259,0,229,0,0
31,1072,259,0,229,0,0
32,1072,259,0,229,0,0
33,1072,259,0,229,0,0
34,1072,259,0,229,0,0
35,1072,259,0,229,0,0
36,1072,259,0,229,0,0
37,1072,259,0,229,0,0
38,1072,259,0,229,0,0
39,1072,259,0,229,0,0
40,1072,259,0,229,0,0
41,1072,259,0,229,0,0
42,1072,259,0,229,0,0
43,1072,259,0,229,0,0
44,1072,259,0,229,0,0
45,1072,259,0,229,0,0
46,1072,259,0,229,0,0
47,1072,259,0,229,0,0
48,1072,259,0,229,0,0
49,1072,259,0,229,0,0
50,1072,259,0,229,0,0
51,1072,259,0,229,0,0
52,1072,259,0,229,0,0
53,1072,259,0,229,0,0
54,1067,267,0,229,0,202
55,1072,267,0,229,0,202
56,1077,267,0,229,0,202
57,1082,267,0,229,0,202
58,1081,268,0,229,0,202
59,1078,269,0,229,0,202
60,1075,270,0,229,0,202
61,1071,270,0,229,0,202
62,1071,270,0,229,0,202
63,1074,270,0,229,0,202
64,1070,270,0,229,0,202
65,1066,270,0,229,0,202
66,1063,270,0,229,0,202
67,1068,271,0,229,0,202
68,1067,272,0,229,0,202
69,1065,272,0,229,0,202
70,1066,272,0,229,0,202
71,1062,272,0,229,0,202
72,1059,272,0,229,0,202
73,1055,273,0,229,0,202
74,1053,274,0,229,0,202
75,1054,275,0,229,0,202
76,1058,275,0,229,0,202
77,1062,275,0,229,0,202
78,1063,276,0,229,0,202
79,1062,277,0,229,0,202
80,1059,278,0,229,0,202
81,1060,278,0,229,0,202
82,1064,278,0,229,0,202
83,1062,279,0,229,0,202
84,1067,280,0,229,0,202
85,1065,280,0,229,0,202
86,1066,280,0,229,0,202
87,1071,280,0,229,0,202
88,1071,280,0,229,0,202
89,1070,281,0,229,0,202
90,1071,282,0,229,0,202
91,1071,282,0,229,0,202
92,1071,283,0,229,0,202
93,1070,283,0,229,0,202
94,1071,284,0,229,0,202
95,1075,285,0,229,0,202
96,1079,286,0,229,0,202
97,1077,287,0,229,0,202
98,1078,287,0,229,0,202
99,1081,287,0,229,0,202
100,1077,287,0,229,0,202
101,1073,288,0,229,0,202
102,1073,289,0,229,0,202
103,1077,289,0,229,0,202
104,1081,290,0,229,0,202
105,1082,290,0,229,0,202
106,1086,291,0,229,0,202
107,1091,292,0,229,0,202
108,1093,293,0,229,0,202
109,1089,293,0,229,0,202
110,1089,294,0,229,0,202
111,1089,294,0,229,0,202
112,1094,295,0,229,0,202
113,1096,296,0,229,0,202
114,1092,297,0,229,0,202
115,1094,298,0,229,0,202
116,1092,298,0,229,0,202
117,1094,298,0,229,0,202
118,1095,299,0,229,0,202
119,1093,299,0,229,0,202
120,1098,299,0,229,0,202
121,1101,300,0,229,0,202
122,1103,300,0,229,0,202
123,1099,301,0,229,0,202
124,1102,301,0,229,0,202
125,1103,302,0,229,0,202
126,1100,303,0,229,0,202
127,1103,303,0,229,0,202
128,1108,304,0,229,0,202
129,1106,304,0,229,0,202
130,1103,305,0,229,0,202
131,1099,306,0,229,0,202
132,1101,306,0,229,0,202
133,1099,306,0,229,0,202
134,1104,307,0,229,0,202
135,1104,307,0,229,0,202
136,1101,308,0,229,0,202
137,1100,308,0,229,0,202
138,1103,309,0,229,0,202
139,1101,310,0,229,0,202
140,1104,311,0,229,0,202
141,1105,312,0,229,0,202
142,1109,313,0,229,0,202
143,1107,314,0,229,0,202
144,1104,315,0,229,0,202
145,1100,316,0,229,0,202
146,1097,316,0,229,0,202
147,1097,316,0,229,0,202
148,1094,316,0,229,0,202
149,1093,317,0,229,0,202
150,1094,318,0,229,0,202
151,1093,319,0,229,0,202
152,1093,320,0,229,0,202
153,1096,320,0,229,0,202
154,1101,321,0,229,0,202
155,1101,322,0,229,0,202
156,1099,322,0,229,0,202
157,1098,322,0,229,0,202
158,1097,322,0,229,0,202
159,1102,322,0,229,0,202
160,1104,322,0,229,202,202
0,935,250,0,420,0,0
1,935,250,0,420,0,0
2,935,250,0,420,0,0
3,935,250,0,420,0,0
4,935,250,0,420,0,0
5,935,250,0,420,0,0
6,935,250,0,420,0,0
7,935,250,0,420,0,0
8,935,250,0,420,0,0
9,935,250,0,420,0,0
10,935,250,0,420,0,0
11,935,250,0,420,0,0
12,935,250,0,420,0,0
13,935,250,0,420,0,0
14,935,250,0,420,0,0
15,935,250,0,420,0,0
16,935,250,0,420,0,0
17,935,250,0,420,0,0
18,935,250,0,420,0,0
19,935,250,0,420,0,0
20,935,250,0,420,0,0
21,935,250,0,420,0,0
22,935,250,0,420,0,0
23,935,250,0,420,0,0
24,935,250,0,420,0,0
25,935,250,0,420,0,0
26,935,250,0,420,0,0
27,935,250,0,420,0,0
28,935,250,0,420,0,0
29,935,250,0,420,0,0
30,935,250,0,420,0,0
31,935,250,0,420,0,0
32,935,250,0,420,0,0
33,935,250,0,420,0,0
34,935,250,0,420,0,0
35,935,250,0,420,0,0
36,935,250,0,420,0,0
37,935,250,0,420,0,0
38,935,250,0,420,0,0
39,935,250,0,420,0,0
40,935,250,0,420,0,0
41,935,250,0,420,0,0
42,935,250,0,420,0,0
43,935,250,0,420,0,0
44,935,250,0,420,0,0
45,935,250,0,420,0,0
46,935,250,0,420,0,0
47,935,250,0,420,0,0
48,935,250,0,420,0,0
49,935,250,0,420,0,0
50,935,250,0,420,0,0
51,935,250,0,420,0,0
52,935,250,0,420,0,0
53,935,250,0,420,0,0
54,867,250,0,420,0,303
55,858,250,0,420,303,303
0,939,252,0,238,0,0
1,939,252,0,238,0,0
2,939,252,0,238,0,0
3,939,252,0,238,0,0
4,939,252,0,238,0,0
5,939,252,0,238,0,0
6,939,252,0,238,0,0
7,939,252,0,238,0,0
8,939,252,0,238,0,0
9,939,252,0,238,0,0
10,939,252,0,238,0,0
11,939,252,0,238,0,0
12,939,252,0,238,0,0
13,939,252,0,238,0,0
14,939,252,0,238,0,0
15,939,252,0,238,0,0
16,939,252,0,238,0,0
17,939,252,0,238,0,0
18,939,252,0,238,0,0
19,939,252,0,238,0,0
20,939,252,0,238,0,0
21,939,252,0,238,0,0
22,939,252,0,238,0,0
23,939,252,0,238,0,0
24,939,252,0,238,0,0
25,939,252,0,238,0,0
26,939,252,0,238,0,0
27,939,252,0,238,0,0
28,939,252,0,238,0,0
29,939,252,0,238,0,0
30,939,252,0,238,0,0
31,939,252,0,238,0,0
32,939,252,0,238,0,0
33,939,252,0,238,0,0
34,939,252,0,238,0,0
35,939,252,0,238,0,0
36,939,252,0,238,0,0
37,939,252,0,238,0,0
38,939,252,0,238,0,0
39,939,252,0,238,0,0
40,939,252,0,238,0,0
41,939,252,0,238,0,0
42,939,252,0,238,0,0
43,939,252,0,238,0,0
44,939,252,0,238,0,0
45,939,252,0,238,0,0
46,939,252,0,238,0,0
47,939,252,0,238,0,0
48,939,252,0,238,0,0
49,939,252,0,238,0,0
50,939,252,0,238,0,0
51,939,252,0,238,0,0
52,939,252,0,238,0,0
53,939,252,0,238,0,0
54,942,257,0,238,0,202
55,942,258,0,238,0,202
56,941,258,0,238,0,202
57,938,259,0,238,0,202
58,934,259,0,238,0,202
59,937,259,0,238,0,202
60,937,259,0,238,0,202
61,942,259,0,238,0,202
62,947,260,0,238,0,202
63,948,260,0,238,0,202
64,953,260,0,238,0,202
65,949,260,0,238,0,202
66,948,261,0,238,0,202
67,944,262,0,238,0,202
68,947,263,0,238,0,202
69,948,264,0,238,0,202
70,950,264,0,238,0,202
71,949,264,0,238,0,202
72,945,264,0,238,0,202
73,945,265,0,238,0,202
74,947,265,0,238,0,202
75,945,266,0,238,0,202
76,942,267,0,238,0,202
77,947,267,0,238,0,202
78,950,267,0,238,0,202
79,954,268,0,238,0,202
80,951,269,0,238,0,202
81,949,269,0,238,0,202
82,945,270,0,238,0,202
83,950,271,0,238,0,202
84,955,271,0,238,0,202
85,956,271,0,238,0,202
86,958,271,0,238,0,202
87,956,272,0,238,0,202
88,961,273,0,238,0,202
89,963,274,0,238,0,202
90,964,275,0,238,0,202
91,969,276,0,238,0,202
92,965,277,0,238,0,202
93,968,277,0,238,0,202
94,967,277,0,238,0,202
95,963,277,0,238,0,202
96,962,277,0,238,0,202
97,959,278,0,238,0,202
98,956,279,0,238,0,202
99,952,279,0,238,0,202
100,950,280,0,238,0,202
101,950,281,0,238,0,202
102,954,281,0,238,0,202
103,955,281,0,238,0,202
104,954,282,0,238,0,202
105,955,283,0,238,0,202
106,952,283,0,238,0,202
107,957,283,0,238,0,202
108,953,284,0,238,0,202
109,952,285,0,238,0,202
110,952,286,0,238,0,202
111,948,286,0,238,0,202
112,947,286,0,238,0,202
113,946,287,0,238,0,202
114,948,287,0,238,0,202
115,950,288,0,238,0,202
116,951,288,0,238,0,202
117,948,288,0,238,0,202
118,949,288,0,238,0,202
119,950,288,0,238,0,202
120,947,288,0,238,0,202
121,951,288,0,238,0,202
122,950,288,0,238,0,202
123,952,289,0,238,0,202
124,949,289,0,238,0,202
125,951,289,0,238,0,202
126,953,290,0,238,0,202
127,950,291,0,238,0,202
128,954,291,0,238,0,202
129,955,291,0,238,0,202
130,951,292,0,238,0,202
131,951,293,0,238,0,202
132,947,293,0,238,0,202
133,946,294,0,238,0,202
134,942,294,0,238,0,202
135,938,295,0,238,0,202
136,937,296,0,238,0,202
137,934,296,0,238,0,202
138,939,297,0,238,0,202
139,938,297,0,238,0,202
140,939,297,0,238,0,202
141,937,297,0,238,0,202
142,933,298,0,238,0,202
143,936,299,0,238,0,202
144,932,300,0,238,0,202
145,937,300,0,238,0,202
146,940,301,0,238,0,202
147,938,302,0,238,0,202
148,935,302,0,238,0,202
149,936,302,0,238,0,202
150,939,303,0,238,0,202
151,940,304,0,238,0,202
152,945,305,0,238,0,202
153,943,306,0,238,0,202
154,939,306,0,238,0,202
155,936,306,0,238,0,202
156,939,306,0,238,0,202
157,938,306,0,238,0,202
158,941,307,0,238,0,202
159,942,308,0,238,0,202
160,938,308,0,238,0,202
161,938,309,0,238,0,202
162,938,310,0,238,0,202
163,937,311,0,238,0,202
164,935,311,0,238,0,202
165,938,311,0,238,0,202
166,939,312,0,238,0,202
167,937,313,0,238,0,202
168,936,313,0,238,0,202
169,932,314,0,238,0,202
170,937,315,0,238,0,202
171,939,316,0,238,0,202
172,938,317,0,238,0,202
173,943,318,0,238,0,202
174,939,318,0,238,0,202
175,938,319,0,238,0,202
176,937,320,0,238,0,202
177,938,321,0,238,0,202
178,934,322,0,238,0,202
179,930,323,0,238,0,202
180,926,323,0,238,0,202
181,924,323,0,238,0,202
182,928,323,0,238,0,202
183,924,323,0,238,0,202
184,923,323,0,238,0,202
185,924,324,0,238,0,202
186,927,324,0,238,0,202
187,927,324,0,238,0,202
188,926,325,0,238,0,202
189,930,326,0,238,0,202
190,934,327,0,238,0,202
191,931,328,0,238,0,202
192,932,329,0,238,202,202
0,941,255,0,389,0,0
1,941,255,0,389,0,0
2,941,255,0,389,0,0
3,941,255,0,389,0,0
4,941,255,0,389,0,0
5,941,255,0,389,0,0
6,941,255,0,389,0,0
7,941,255,0,389,0,0
8,941,255,0,389,0,0
9,941,255,0,389,0,0
10,941,255,0,389,0,0
11,941,255,0,389,0,0
12,941,255,0,389,0,0
13,941,255,0,389,0,0
14,941,255,0,389,0,0
15,941,255,0,389,0,0
16,941,255,0,389,0,0
17,941,255,0,389,0,0
18,941,255,0,389,0,0
19,941,255,0,389,0,0
20,941,255,0,389,0,0
21,941,255,0,389,0,0
22,941,255,0,389,0,0
23,941,255,0,389,0,0
24,941,255,0,389,0,0
25,941,255,0,389,0,0
26,941,255,0,389,0,0
27,941,255,0,389,0,0
28,941,255,0,389,0,0
29,941,255,0,389,0,0
30,941,255,0,389,0,0
31,941,255,0,389,0,0
32,941,255,0,389,0,0
33,941,255,0,389,0,0
34,941,255,0,389,0,0
35,941,255,0,389,0,0
36,941,255,0,389,0,0
37,941,255,0,389,0,0
38,941,255,0,389,0,0
39,941,255,0,389,0,0
40,941,255,0,389,0,0
41,941,255,0,389,0,0
42,941,255,0,389,0,0
43,941,255,0,389,0,0
44,941,255,0,389,0,0
45,941,255,0,389,0,0
46,941,255,0,389,0,0
47,941,255,0,389,0,0
48,941,255,0,389,0,0
49,941,255,0,389,0,0
50,941,255,0,389,0,0
51,941,255,0,389,0,0
52,941,255,0,389,0,0
53,889,255,0,389,0,303
54,885,255,0,389,0,303
55,880,255,0,389,0,303
56,871,255,0,389,0,303
57,867,255,0,389,0,303
58,864,255,0,389,0,303
59,857,255,0,389,0,303
60,856,255,0,389,0,303
61,853,255,0,389,0,303
62,853,255,0,389,0,303
63,845,255,0,389,303,303
0,1050,244,0,127,0,0
1,1050,244,0,127,0,0
2,1050,244,0,127,0,0
3,1050,244,0,127,0,0
4,1050,244,0,127,0,0
5,1050,244,0,127,0,0
6,1050,244,0,127,0,0
7,1050,244,0,127,0,0
8,1050,244,0,127,0,0
9,1050,244,0,127,0,0
10,1050,244,0,127,0,0
11,1050,244,0,127,0,0
12,1050,244,0,127,0,0
13,1050,244,0,127,0,0
14,1050,244,0,127,0,0
15,1050,244,0,127,0,0
16,1050,244,0,127,0,0
17,1050,244,0,127,0,0
18,1050,244,0,127,0,0
19,1050,244,0,127,0,0
20,1050,244,0,127,0,0
21,1050,244,0,127,0,0
22,1050,244,0,127,0,0
23,1050,244,0,127,0,0
24,1050,244,0,127,0,0
25,1050,244,0,127,0,0
26,1050,244,0,127,0,0
27,1050,244,0,127,0,0
28,1050,244,0,127,0,0
29,1050,244,0,127,0,0
30,1050,244,0,127,0,0
31,1050,244,0,127,0,0
32,1050,244,0,127,0,0
33,1050,244,0,127,0,0
34,1050,244,0,127,0,0
35,1050,244,0,127,0,0
36,1050,244,0,127,0,0
37,1050,244,0,127,0,0
38,1050,244,0,127,0,0
39,1050,244,0,127,0,0
40,1050,244,0,127,0,0
41,1050,244,0,127,0,0
42,1050,244,0,127,0,0
43,1050,244,0,127,0,0
44,1050,244,0,127,0,0
45,1050,244,0,127,0,0
46,1050,244,0,127,0,0
47,1050,244,0,127,0,0
48,1050,244,0,127,0,0
49,1050,244,0,127,0,0
50,1050,244,0,127,0,0
51,1050,244,0,127,0,0
52,1050,244,0,127,0,0
53,1022,244,0,127,0,101
54,1021,244,0,127,0,101
55,1018,244,0,127,0,101
56,1015,244,1,127,0,101
57,1014,244,0,127,0,101
58,1010,244,0,127,0,101
59,1008,244,0,127,0,101
60,1007,244,0,127,0,101
61,1003,244,0,127,0,101
62,1001,244,0,127,0,101
63,1000,244,0,127,0,101
64,1000,244,0,127,0,101
65,996,244,0,127,0,101
66,996,244,0,127,0,101
67,996,244,0,127,0,101
68,996,244,0,127,0,101
69,993,244,0,127,0,101
70,990,244,0,127,0,101
71,986,244,0,127,0,101
72,985,244,0,127,0,101
73,981,244,0,127,0,101
74,979,244,0,127,0,101
75,978,244,0,127,0,101
76,977,244,0,127,0,101
77,976,244,0,127,0,101
78,975,244,0,127,0,101
79,972,244,0,127,0,101
80,968,244,0,127,0,101
81,964,244,0,127,0,101
82,963,244,0,127,0,101
83,961,244,0,127,0,101
84,957,244,0,127,0,101
85,955,244,0,127,0,101
86,951,244,0,127,0,101
87,951,244,0,127,0,101
88,950,244,0,127,0,101
89,946,244,1,127,0,101
90,944,244,0,127,0,101
91,944,244,0,127,0,101
92,943,244,0,127,0,101
93,942,244,0,127,0,101
94,939,244,0,127,0,101
95,939,244,0,127,0,101
96,939,244,0,127,0,101
97,939,244,0,127,0,101
98,935,244,0,127,0,101
99,933,244,0,127,0,101
100,929,244,0,127,0,101
101,925,244,0,127,0,101
102,924,244,0,127,0,101
103,922,244,0,127,0,101
104,920,244,0,127,0,101
105,918,244,0,127,0,101
106,915,244,0,127,0,101
107,915,244,0,127,0,101
108,913,244,0,127,0,101
109,911,244,0,127,0,101
110,910,244,0,127,0,101
111,910,244,0,127,0,101
112,906,244,0,127,0,101
113,904,244,0,127,0,101
114,904,244,0,127,0,101
115,900,244,0,127,0,101
116,899,244,0,127,0,101
117,896,244,0,127,0,101
118,894,244,0,127,0,101
119,894,244,0,127,0,101
120,893,244,0,127,0,101
121,892,244,0,127,0,101
122,891,244,0,127,0,101
123,889,244,0,127,0,101
124,886,244,0,127,0,101
125,882,244,0,127,0,101
126,878,244,0,127,0,101
127,877,244,0,127,0,101
128,876,244,0,127,0,101
129,874,244,0,127,0,101
130,871,244,0,127,0,101
131,870,244,0,127,0,101
132,868,244,0,127,0,101
133,868,244,0,127,0,101
134,867,244,0,127,0,101
135,867,244,0,127,0,101
136,867,244,0,127,0,101
137,863,244,0,127,0,101
138,863,244,0,127,0,101
139,862,244,0,127,0,101
140,861,244,0,127,0,101
141,859,244,0,127,0,101
142,855,244,0,127,0,101
143,854,244,0,127,0,101
144,854,244,0,127,0,101
145,854,244,0,127,0,101
146,852,244,0,127,0,101
147,851,244,0,127,0,101
148,847,244,0,127,0,101
149,844,244,0,127,0,101
150,843,244,0,127,0,101
151,840,244,0,127,0,101
152,837,244,0,127,0,101
153,834,244,0,127,0,101
154,834,244,0,127,0,101
155,833,244,0,127,0,101
156,829,244,0,127,0,101
157,829,244,0,127,0,101
158,826,244,0,127,0,101
159,823,244,0,127,0,101
160,823,244,0,127,0,101
161,822,244,0,127,0,101
162,818,244,0,127,0,101
163,817,244,0,127,0,101
164,817,244,0,127,0,101
165,815,244,0,127,0,101
166,814,244,0,127,0,101
167,811,244,0,127,0,101
168,811,244,0,127,0,101
169,808,244,1,127,0,101
170,805,244,0,127,0,101
171,801,244,0,127,0,101
172,798,244,0,127,0,101
173,796,244,0,127,0,101
174,792,244,0,127,0,101
175,788,244,0,127,0,101
176,788,244,0,127,0,101
177,787,244,1,127,0,101
178,786,244,0,127,0,101
179,783,244,0,127,0,101
180,779,244,0,127,0,101
181,778,244,0,127,0,101
182,774,244,0,127,0,101
183,770,244,0,127,0,101
184,768,244,0,127,0,101
185,764,244,0,127,0,101
186,760,244,0,127,0,101
187,757,244,0,127,0,101
188,756,244,0,127,0,101
189,755,244,0,127,0,101
190,753,244,0,127,0,101
191,753,244,0,127,0,101
192,750,244,0,127,0,101
193,746,244,0,127,0,101
194,745,244,0,127,0,101
195,741,244,0,127,0,101
196,737,244,0,127,0,101
197,735,244,0,127,0,101
198,732,244,0,127,0,101
199,730,244,0,127,0,101
200,728,244,0,127,0,101
201,727,244,0,127,0,101
202,727,244,1,127,0,101
203,724,244,0,127,101,101
0,1095,244,0,268,0,0
1,1095,244,0,268,0,0
2,1095,244,0,268,0,0
3,1095,244,0,268,0,0
4,1095,244,0,268,0,0
5,1095,244,0,268,0,0
6,1095,244,0,268,0,0
7,1095,244,0,268,0,0
8,1095,244,0,268,0,0
9,1095,244,0,268,0,0
10,1095,244,0,268,0,0
11,1095,244,0,268,0,0
12,1095,244,0,268,0,0
13,1095,244,0,268,0,0
14,1095,244,0,268,0,0
15,1095,244,0,268,0,0
16,1095,244,0,268,0,0
17,1095,244,0,268,0,0
18,1095,244,0,268,0,0
19,1095,244,0,268,0,0
20,1095,244,0,268,0,0
21,1095,244,0,268,0,0
22,1095,244,0,268,0,0
23,1095,244,0,268,0,0
24,1095,244,0,268,0,0
25,1095,244,0,268,0,0
26,1095,244,0,268,0,0
27,1095,244,0,268,0,0
28,1095,244,0,268,0,0
29,1095,244,0,268,0,0
30,1095,244,0,268,0,0
31,1095,244,0,268,0,0
32,1095,244,0,268,0,0
33,1095,244,0,268,0,0
34,1095,244,0,268,0,0
35,1095,244,0,268,0,0
36,1095,244,0,268,0,0
37,1095,244,0,268,0,0
38,1095,244,0,268,0,0
39,1095,244,0,268,0,0
40,1095,244,0,268,0,0
41,1095,244,0,268,0,0
42,1095,244,0,268,0,0
43,1095,244,0,268,0,0
44,1095,244,0,268,0,0
45,1095,244,0,268,0,0
46,1095,244,0,268,0,0
47,1095,244,0,268,0,0
48,1095,244,0,268,0,0
49,1095,244,0,268,0,0
50,1095,244,0,268,0,0
51,1095,244,0,268,0,0
52,1095,244,0,268,0,0
53,1095,244,0,268,0,0
54,1061,244,0,268,0,101
55,1057,244,0,268,0,101
56,1056,244,0,268,0,101
57,1054,244,0,268,0,101
58,1053,244,1,268,0,101
59,1051,244,0,268,0,101
60,1047,244,0,268,0,101
61,1043,244,0,268,0,101
62,1043,244,0,268,0,101
63,1041,244,0,268,0,101
64,1041,244,0,268,0,101
65,1040,244,0,268,0,101
66,1040,244,0,268,0,101
67,1039,244,0,268,0,101
68,1037,244,0,268,0,101
69,1037,244,0,268,0,101
70,1036,244,0,268,0,101
71,1035,244,0,268,0,101
72,1035,244,0,268,0,101
73,1033,244,0,268,0,101
74,1031,244,0,268,0,101
75,1031,244,0,268,0,101
76,1030,244,1,268,0,101
77,1027,244,0,268,0,101
78,1024,244,0,268,0,101
79,1024,244,0,268,0,101
80,1024,244,0,268,0,101
81,1020,244,0,268,0,101
82,1018,244,0,268,0,101
83,1015,244,0,268,0,101
84,1015,244,0,268,0,101
85,1014,244,0,268,0,101
86,1011,244,0,268,0,101
87,1007,244,0,268,0,101
88,1006,244,0,268,0,101
89,1002,244,0,268,0,101
90,1000,244,0,268,0,101
91,996,244,0,268,0,101
92,995,244,0,268,0,101
93,994,244,0,268,0,101
94,994,244,0,268,0,101
95,991,244,0,268,0,101
96,988,244,0,268,0,101
97,988,244,0,268,0,101
98,985,244,0,268,0,101
99,981,244,0,268,0,101
100,980,244,0,268,0,101
101,979,244,0,268,0,101
102,975,244,0,268,0,101
103,973,244,0,268,0,101
104,973,244,0,268,0,101
105,972,244,0,268,0,101
106,970,244,0,268,0,101
107,968,244,0,268,0,101
108,967,244,0,268,0,101
109,964,244,1,268,0,101
110,960,244,0,268,0,101
111,959,244,0,268,0,101
112,957,244,0,268,0,101
113,953,244,0,268,0,101
114,952,244,0,268,0,101
115,949,244,0,268,0,101
116,948,244,0,268,0,101
117,948,244,0,268,0,101
118,944,244,0,268,0,101
119,940,244,0,268,0,101
120,939,244,0,268,0,101
121,937,244,0,268,0,101
122,933,244,0,268,0,101
123,931,244,0,268,0,101
124,929,244,0,268,0,101
125,926,244,0,268,0,101
126,923,244,0,268,0,101
127,922,244,0,268,0,101
128,919,244,0,268,0,101
129,917,244,0,268,0,101
130,914,244,1,268,0,101
131,912,244,0,268,0,101
132,911,244,0,268,0,101
133,910,244,0,268,0,101
134,906,244,0,268,0,101
135,906,244,0,268,0,101
136,905,244,1,268,0,101
137,902,244,0,268,0,101
138,902,244,0,268,101,101
0,971,253,0,188,0,0
1,971,253,0,188,0,0
2,971,253,0,188,0,0
3,971,253,0,188,0,0
4,971,253,0,188,0,0
5,971,253,0,188,0,0
6,971,253,0,188,0,0
7,971,253,0,188,0,0
8,971,253,0,188,0,0
9,971,253,0,188,0,0
10,971,253,0,188,0,0
11,971,253,0,188,0,0
12,971,253,0,188,0,0
13,971,253,0,188,0,0
14,971,253,0,188,0,0
15,971,253,0,188,0,0
16,971,253,0,188,0,0
17,971,253,0,188,0,0
18,971,253,0,188,0,0
19,971,253,0,188,0,0
20,971,253,0,188,0,0
21,971,253,0,188,0,0
22,971,253,0,188,0,0
23,971,253,0,188,0,0
24,971,253,0,188,0,0
25,971,253,0,188,0,0
26,971,253,0,188,0,0
27,971,253,0,188,0,0
28,971,253,0,188,0,0
29,971,253,0,188,0,0
30,971,253,0,188,0,0
31,971,253,0,188,0,0
32,971,253,0,188,0,0
33,971,253,0,188,0,0
34,971,253,0,188,0,0
35,971,253,0,188,0,0
36,971,253,0,188,0,0
37,971,253,0,188,0,0
38,971,253,0,188,0,0
39,971,253,0,188,0,0
40,971,253,0,188,0,0
41,971,253,0,188,0,0
42,971,253,0,188,0,0
43,971,253,0,188,0,0
44,971,253,0,188,0,0
45,971,253,0,188,0,0
46,971,253,0,188,0,0
47,971,253,0,188,0,0
48,971,253,0,188,0,0
49,971,253,0,188,0,0
50,971,253,0,188,0,0
51,971,253,0,188,0,0
52,978,262,0,188,0,202
53,974,262,0,188,0,202
54,977,262,0,188,0,202
55,976,263,0,188,0,202
56,980,264,0,188,0,202
57,978,265,0,188,0,202
58,982,266,0,188,0,202
59,987,266,0,188,0,202
60,990,267,0,188,0,202
61,991,268,0,188,0,202
62,989,268,0,188,0,202
63,994,268,0,188,0,202
64,995,268,0,188,0,202
65,992,269,0,188,0,202
66,989,269,0,188,0,202
67,988,269,0,188,0,202
68,991,269,0,188,0,202
69,989,269,0,188,0,202
70,990,269,0,188,0,202
71,986,270,0,188,0,202
72,983,271,0,188,0,202
73,986,272,0,188,0,202
74,986,272,0,188,0,202
75,986,273,0,188,0,202
76,989,274,0,188,0,202
77,994,274,0,188,0,202
78,997,275,0,188,0,202
79,995,276,0,188,0,202
80,996,277,0,188,0,202
81,996,277,0,188,0,202
82,993,278,0,188,0,202
83,992,279,0,188,0,202
84,995,280,0,188,0,202
85,997,280,0,188,0,202
86,999,281,0,188,0,202
87,999,282,0,188,0,202
88,997,283,0,188,0,202
89,999,284,0,188,0,202
90,996,284,0,188,0,202
91,999,285,0,188,0,202
92,997,286,0,188,0,202
93,1002,286,0,188,0,202
94,1002,287,0,188,0,202
95,1001,288,0,188,0,202
96,999,288,0,188,0,202
97,1000,288,0,188,0,202
98,1001,289,0,188,0,202
99,1002,290,0,188,0,202
100,1000,291,0,188,0,202
101,1005,292,0,188,0,202
102,1005,293,0,188,0,202
103,1004,293,0,188,0,202
104,1003,294,0,188,0,202
105,1002,294,0,188,0,202
106,1004,295,0,188,0,202
107,1008,295,0,188,0,202
108,1012,296,0,188,0,202
109,1016,296,0,188,0,202
110,1013,296,0,188,0,202
111,1009,297,0,188,0,202
112,1014,297,0,188,0,202
113,1014,298,0,188,0,202
114,1014,299,0,188,0,202
115,1011,300,0,188,0,202
116,1012,300,0,188,0,202
117,1017,300,0,188,0,202
118,1015,300,0,188,0,202
119,1017,301,0,188,0,202
120,1019,301,0,188,0,202
121,1015,301,0,188,0,202
122,1016,301,0,188,0,202
123,1021,302,0,188,0,202
124,1017,303,0,188,0,202
125,1022,304,0,188,0,202
126,1020,304,0,188,0,202
127,1021,304,0,188,0,202
128,1022,305,0,188,0,202
129,1018,306,0,188,0,202
130,1021,306,0,188,0,202
131,1022,307,0,188,0,202
132,1026,307,0,188,0,202
133,1027,307,0,188,0,202
134,1028,307,0,188,0,202
135,1027,308,0,188,0,202
136,1023,308,0,188,0,202
137,1023,309,0,188,0,202
138,1028,310,0,188,0,202
139,1029,311,0,188,0,202
140,1030,312,0,188,0,202
141,1026,312,0,188,0,202
142,1030,313,0,188,0,202
143,1033,313,0,188,0,202
144,1035,314,0,188,0,202
145,1035,315,0,188,0,202
146,1039,316,0,188,0,202
147,1044,316,0,188,0,202
148,1048,317,0,188,0,202
149,1045,317,0,188,0,202
150,1050,318,0,188,0,202
151,1054,319,0,188,0,202
152,1058,320,0,188,0,202
153,1055,320,0,188,0,202
154,1058,321,0,188,0,202
155,1063,321,0,188,0,202
156,1066,321,0,188,0,202
157,1062,321,0,188,0,202
158,1063,321,0,188,0,202
159,1059,321,0,188,0,202
160,1058,322,0,188,0,202
161,1061,322,0,188,0,202
162,1062,322,0,188,0,202
163,1063,322,0,188,0,202
164,1060,322,0,188,0,202
165,1064,322,0,188,0,202
166,1069,323,0,188,202,202
0,1084,248,0,204,0,0
1,1084,248,0,204,0,0
2,1084,248,0,204,0,0
3,1084,248,0,204,0,0
4,1084,248,0,204,0,0
5,1084,248,0,204,0,0
6,1084,248,0,204,0,0
7,1084,248,0,204,0,0
8,1084,248,0,204,0,0
9,1084,248,0,204,0,0
10,1084,248,0,204,0,0
11,1084,248,0,204,0,0
12,1084,248,0,204,0,0
13,1084,248,0,204,0,0
14,1084,248,0,204,0,0
15,1084,248,0,204,0,0
16,1084,248,0,204,0,0
17,1084,248,0,204,0,0
18,1084,248,0,204,0,0
19,1084,248,0,204,0,0
20,1084,248,0,204,0,0
21,1084,248,0,204,0,0
22,1084,248,0,204,0,0
23,1084,248,0,204,0,0
24,1084,248,0,204,0,0
25,1084,248,0,204,0,0
26,1084,248,0,204,0,0
27,1084,248,0,204,0,0
28,1084,248,0,204,0,0
29,1084,248,0,204,0,0
30,1084,248,0,204,0,0
31,1084,248,0,204,0,0
32,1084,248,0,204,0,0
33,1084,248,0,204,0,0
34,1084,248,0,204,0,0
35,1084,248,0,204,0,0
36,1084,248,0,204,0,0
37,1084,248,0,204,0,0
38,1084,248,0,204,0,0
39,1084,248,0,204,0,0
40,1084,248,0,204,0,0
41,1084,248,0,204,0,0
42,1084,248,0,204,0,0
43,1084,248,0,204,0,0
44,1084,248,0,204,0,0
45,1084,248,0,204,0,0
46,1084,248,0,204,0,0
47,1084,248,0,204,0,0
48,1084,248,0,204,0,0
49,1084,248,0,204,0,0
50,1084,248,0,204,0,0
51,1084,248,0,204,0,0
52,1084,248,0,204,0,0
53,1084,248,0,204,0,0
54,1052,248,0,204,0,101
55,1052,248,0,204,0,101
56,1049,248,0,204,0,101
57,1047,248,0,204,0,101
58,1046,248,0,204,0,101
59,1045,248,0,204,0,101
60,1043,248,0,204,0,101
61,1039,248,0,204,0,101
62,1037,248,0,204,0,101
63,1034,248,0,204,0,101
64,1033,248,0,204,0,101
65,1033,248,0,204,0,101
66,1032,248,0,204,0,101
67,1029,248,0,204,0,101
68,1025,248,0,204,0,101
69,1024,248,0,204,0,101
70,1020,248,0,204,0,101
71,1020,248,0,204,0,101
72,1016,248,0,204,0,101
73,1014,248,1,204,0,101
74,1013,248,0,204,0,101
75,1010,248,0,204,0,101
76,1006,248,1,204,0,101
77,1005,248,0,204,0,101
78,1001,248,0,204,0,101
79,997,248,0,204,0,101
80,996,248,0,204,0,101
81,993,248,0,204,0,101
82,993,248,1,204,0,101
83,991,248,0,204,0,101
84,988,248,0,204,0,101
85,988,248,0,204,0,101
86,988,248,0,204,0,101
87,988,248,0,204,0,101
88,987,248,0,204,0,101
89,986,248,0,204,0,101
90,985,248,1,204,0,101
91,983,248,1,204,0,101
92,983,248,0,204,0,101
93,980,248,0,204,0,101
94,976,248,0,204,101,101
0,1088,244,0,143,0,0
1,1088,244,0,143,0,0
2,1088,244,0,143,0,0
3,1088,244,0,143,0,0
4,1088,244,0,143,0,0
5,1088,244,0,143,0,0
6,1088,244,0,143,0,0
7,1088,244,0,143,0,0
8,1088,244,0,143,0,0
9,1088,244,0,143,0,0
10,1088,244,0,143,0,0
11,1088,244,0,143,0,0
12,1088,244,0,143,0,0
13,1088,244,0,143,0,0
14,1088,244,0,143,0,0
15,1088,244,0,143,0,0
16,1088,244,0,143,0,0
17,1088,244,0,143,0,0
18,1088,244,0,143,0,0
19,1088,244,0,143,0,0
20,1088,244,0,143,0,0
21,1088,244,0,143,0,0
22,1088,244,0,143,0,0
23,1088,244,0,143,0,0
24,1088,244,0,143,0,0
25,1088,244,0,143,0,0
26,1088,244,0,143,0,0
27,1088,244,0,143,0,0
28,1088,244,0,143,0,0
29,1088,244,0,143,0,0
30,1088,244,0,143,0,0
31,1088,244,0,143,0,0
32,1088,244,0,143,0,0
33,1088,244,0,143,0,0
34,1088,244,0,143,0,0
35,1088,244,0,143,0,0
36,1088,244,0,143,0,0
37,1088,244,0,143,0,0
38,1088,244,0,143,0,0
39,1088,244,0,143,0,0
40,1088,244,0,143,0,0
41,1088,244,0,143,0,0
42,1088,244,0,143,0,0
43,1088,244,0,143,0,0
44,1088,244,0,143,0,0
45,1088,244,0,143,0,0
46,1088,244,0,143,0,0
47,1088,244,0,143,0,0
48,1088,244,0,143,0,0
49,1088,244,0,143,0,0
50,1088,244,0,143,0,0
51,1088,244,0,143,0,0
52,1077,251,0,143,0,202
53,1080,251,0,143,0,202
54,1085,251,0,143,0,202
55,1087,251,0,143,0,202
56,1092,251,0,143,0,202
57,1095,251,0,143,0,202
58,1092,251,0,143,0,202
59,1095,252,0,143,0,202
60,1091,252,0,143,0,202
61,1089,253,0,143,0,202
62,1088,254,0,143,0,202
63,1089,254,0,143,0,202
64,1091,255,0,143,0,202
65,1087,255,0,143,0,202
66,1089,255,0,143,0,202
67,1089,256,0,143,0,202
68,1092,257,0,143,0,202
69,1097,257,0,143,0,202
70,1096,258,0,143,0,202
71,1099,258,0,143,0,202
72,1095,258,0,143,0,202
73,1094,258,0,143,0,202
74,1091,259,0,143,0,202
75,1093,259,0,143,0,202
76,1095,259,0,143,0,202
77,1098,260,0,143,0,202
78,1102,261,0,143,0,202
79,1107,262,0,143,0,202
80,1106,263,0,143,0,202
81,1107,263,0,143,0,202
82,1111,264,0,143,0,202
83,1114,264,0,143,0,202
84,1112,265,0,143,0,202
85,1117,266,0,143,0,202
86,1118,267,0,143,0,202
87,1114,268,0,143,0,202
88,1113,269,0,143,0,202
89,1117,270,0,143,0,202
90,1113,271,0,143,0,202
91,1116,272,0,143,0,202
92,1115,273,0,143,0,202
93,1118,273,0,143,0,202
94,1116,273,0,143,0,202
95,1114,274,0,143,0,202
96,1114,275,0,143,0,202
97,1110,276,0,143,0,202
98,1108,277,0,143,0,202
99,1110,278,0,143,0,202
100,1109,278,0,143,0,202
101,1105,278,0,143,0,202
102,1107,279,0,143,0,202
103,1108,279,0,143,0,202
104,1111,280,0,143,0,202
105,1107,281,0,143,0,202
106,1108,282,0,143,0,202
107,1108,282,0,143,0,202
108,1106,283,0,143,0,202
109,1105,283,0,143,0,202
110,1104,284,0,143,0,202
111,1107,284,0,143,0,202
112,1111,284,0,143,0,202
113,1113,284,0,143,0,202
114,1110,284,0,143,0,202
115,1108,284,0,143,0,202
116,1107,284,0,143,0,202
117,1107,285,0,143,0,202
118,1106,285,0,143,0,202
119,1103,285,0,143,0,202
120,1104,285,0,143,0,202
121,1102,285,0,143,0,202
122,1098,285,0,143,0,202
123,1095,286,0,143,0,202
124,1091,286,0,143,0,202
125,1088,287,0,143,0,202
126,1091,287,0,143,0,202
127,1089,288,0,143,0,202
128,1088,289,0,143,0,202
129,1090,289,0,143,0,202
130,1095,290,0,143,0,202
131,1098,291,0,143,0,202
132,1097,292,0,143,0,202
133,1101,292,0,143,0,202
134,1105,293,0,143,0,202
135,1104,294,0,143,0,202
136,1105,295,0,143,0,202
137,1108,296,0,143,0,202
138,1110,297,0,143,0,202
139,1115,298,0,143,0,202
140,1112,298,0,143,0,202
141,1114,299,0,143,0,202
142,1115,300,0,143,0,202
143,1116,301,0,143,0,202
144,1112,302,0,143,0,202
145,1112,302,0,143,0,202
146,1110,303,0,143,0,202
147,1112,304,0,143,0,202
148,1109,304,0,143,0,202
149,1113,304,0,143,0,202
150,1112,305,0,143,0,202
151,1111,306,0,143,0,202
152,1113,306,0,143,0,202
153,1109,306,0,143,0,202
154,1113,306,0,143,0,202
155,1115,306,0,143,0,202
156,1117,306,0,143,0,202
157,1121,307,0,143,0,202
158,1125,307,0,143,0,202
159,1126,308,0,143,0,202
160,1124,308,0,143,0,202
161,1125,308,0,143,0,202
162,1129,309,0,143,0,202
163,1128,310,0,143,0,202
164,1126,310,0,143,0,202
165,1127,310,0,143,0,202
166,1128,311,0,143,0,202
167,1133,311,0,143,0,202
168,1131,311,0,143,0,202
169,1136,311,0,143,0,202
170,1134,311,0,143,0,202
171,1135,312,0,143,0,202
172,1135,313,0,143,0,202
173,1137,314,0,143,0,202
174,1142,314,0,143,0,202
175,1145,314,0,143,0,202
176,1146,314,0,143,0,202
177,1151,314,0,143,0,202
178,1156,315,0,143,0,202
179,1160,315,0,143,0,202
180,1163,316,0,143,0,202
181,1168,317,0,143,0,202
182,1172,318,0,143,0,202
183,1177,318,0,143,0,202
184,1175,319,0,143,0,202
185,1173,319,0,143,0,202
186,1177,320,0,143,0,202
187,1181,321,0,143,0,202
188,1182,321,0,143,202,202
0,1003,244,0,104,0,0
1,1003,244,0,104,0,0
2,1003,244,0,104,0,0
3,1003,244,0,104,0,0
4,1003,244,0,104,0,0
5,1003,244,0,104,0,0
6,1003,244,0,104,0,0
7,1003,244,0,104,0,0
8,1003,244,0,104,0,0
9,1003,244,0,104,0,0
10,1003,244,0,104,0,0
11,1003,244,0,104,0,0
12,1003,244,0,104,0,0
13,1003,244,0,104,0,0
14,1003,244,0,104,0,0
15,1003,244,0,104,0,0
16,1003,244,0,104,0,0
17,1003,244,0,104,0,0
18,1003,244,0,104,0,0
19,1003,244,0,104,0,0
20,1003,244,0,104,0,0
21,1003,244,0,104,0,0
22,1003,244,0,104,0,0
23,1003,244,0,104,0,0
24,1003,244,0,104,0,0
25,1003,244,0,104,0,0
26,1003,244,0,104,0,0
27,1003,244,0,104,0,0
28,1003,244,0,104,0,0
29,1003,244,0,104,0,0
30,1003,244,0,104,0,0
31,1003,244,0,104,0,0
32,1003,244,0,104,0,0
33,1003,244,0,104,0,0
34,1003,244,0,104,0,0
35,1003,244,0,104,0,0
36,1003,244,0,104,0,0
37,1003,244,0,104,0,0
38,1003,244,0,104,0,0
39,1003,244,0,104,0,0
40,1003,244,0,104,0,0
41,1003,244,0,104,0,0
42,1003,244,0,104,0,0
43,1003,244,0,104,0,0
44,1003,244,0,104,0,0
45,1003,244,0,104,0,0
46,1003,244,0,104,0,0
47,1003,244,0,104,0,0
48,1003,244,0,104,0,0
49,1003,244,0,104,0,0
50,1003,244,0,104,0,0
51,1003,244,0,104,0,0
52,973,244,0,104,0,101
53,969,244,0,104,0,101
54,966,244,0,104,0,101
55,966,244,0,104,0,101
56,966,244,0,104,0,101
57,962,244,0,104,0,101
58,958,244,0,104,0,101
59,958,244,0,104,0,101
60,955,244,0,104,0,101
61,952,244,0,104,0,101
62,948,244,1,104,0,101
63,947,244,0,104,0,101
64,943,244,0,104,0,101
65,939,244,0,104,0,101
66,937,244,0,104,0,101
67,933,244,0,104,0,101
68,931,244,0,104,0,101
69,928,244,0,104,0,101
70,924,244,0,104,0,101
71,923,244,0,104,0,101
72,920,244,0,104,0,101
73,916,244,1,104,0,101
74,912,244,0,104,0,101
75,909,244,0,104,0,101
76,908,244,0,104,0,101
77,908,244,0,104,0,101
78,908,244,0,104,0,101
79,904,244,0,104,0,101
80,904,244,0,104,0,101
81,904,244,0,104,0,101
82,903,244,0,104,0,101
83,900,244,0,104,0,101
84,899,244,0,104,0,101
85,895,244,1,104,0,101
86,891,244,0,104,0,101
87,891,244,0,104,0,101
88,889,244,0,104,0,101
89,888,244,0,104,0,101
90,886,244,0,104,0,101
91,882,244,0,104,0,101
92,882,244,0,104,0,101
93,881,244,0,104,0,101
94,881,244,0,104,0,101
95,877,244,0,104,0,101
96,876,244,1,104,0,101
97,874,244,0,104,0,101
98,870,244,0,104,0,101
99,868,244,0,104,0,101
100,866,244,0,104,0,101
101,864,244,0,104,0,101
102,863,244,0,104,0,101
103,859,244,0,104,0,101
104,856,244,0,104,0,101
105,854,244,0,104,0,101
106,852,244,0,104,0,101
107,852,244,0,104,0,101
108,851,244,0,104,0,101
109,851,244,0,104,0,101
110,849,244,0,104,0,101
111,849,244,0,104,0,101
112,849,244,0,104,0,101
113,849,244,0,104,0,101
114,846,244,0,104,0,101
115,846,244,0,104,0,101
116,844,244,0,104,0,101
117,840,244,0,104,0,101
118,838,244,0,104,0,101
119,838,244,0,104,0,101
120,834,244,0,104,0,101
121,832,244,0,104,0,101
122,832,244,0,104,0,101
123,831,244,0,104,0,101
124,827,244,0,104,0,101
125,827,244,0,104,0,101
126,826,244,0,104,0,101
127,825,244,0,104,0,101
128,824,244,0,104,0,101
129,823,244,0,104,0,101
130,820,244,0,104,0,101
131,816,244,0,104,0,101
132,815,244,0,104,0,101
133,813,244,0,104,0,101
134,812,244,0,104,0,101
135,809,244,0,104,0,101
136,809,244,0,104,0,101
137,805,244,0,104,0,101
138,805,244,0,104,0,101
139,803,244,0,104,0,101
140,801,244,0,104,0,101
141,800,244,0,104,0,101
142,800,244,0,104,0,101
143,799,244,1,104,0,101
144,795,244,0,104,0,101
145,791,244,0,104,0,101
146,789,244,0,104,0,101
147,786,244,0,104,101,101
0,1038,242,0,449,0,0
1,1038,242,0,449,0,0
2,1038,242,0,449,0,0
3,1038,242,0,449,0,0
4,1038,242,0,449,0,0
5,1038,242,0,449,0,0
6,1038,242,0,449,0,0
7,1038,242,0,449,0,0
8,1038,242,0,449,0,0
9,1038,242,0,449,0,0
10,1038,242,0,449,0,0
11,1038,242,0,449,0,0
12,1038,242,0,449,0,0
13,1038,242,0,449,0,0
14,1038,242,0,449,0,0
15,1038,242,0,449,0,0
16,1038,242,0,449,0,0
17,1038,242,0,449,0,0
18,1038,242,0,449,0,0
19,1038,242,0,449,0,0
20,1038,242,0,449,0,0
21,1038,242,0,449,0,0
22,1038,242,0,449,0,0
23,1038,242,0,449,0,0
24,1038,242,0,449,0,0
25,1038,242,0,449,0,0
26,1038,242,0,449,0,0
27,1038,242,0,449,0,0
28,1038,242,0,449,0,0
29,1038,242,0,449,0,0
30,1038,242,0,449,0,0
31,1038,242,0,449,0,0
32,1038,242,0,449,0,0
33,1038,242,0,449,0,0
34,1038,242,0,449,0,0
35,1038,242,0,449,0,0
36,1038,242,0,449,0,0
37,1038,242,0,449,0,0
38,1038,242,0,449,0,0
39,1038,242,0,449,0,0
40,1038,242,0,449,0,0
41,1038,242,0,449,0,0
42,1038,242,0,449,0,0
43,1038,242,0,449,0,0
44,1038,242,0,449,0,0
45,1038,242,0,449,0,0
46,1038,242,0,449,0,0
47,1038,242,0,449,0,0
48,1038,242,0,449,0,0
49,1038,242,0,449,0,0
50,1038,242,0,449,0,0
51,1038,242,0,449,0,0
52,1038,242,0,449,0,0
53,1038,242,0,449,0,0
54,954,242,0,449,0,303
55,945,242,0,449,0,303
56,940,242,0,449,0,303
57,932,242,0,449,0,303
58,925,242,0,449,0,303
59,924,242,0,449,0,303
60,923,242,0,449,0,303
61,919,242,0,449,0,303
62,915,242,0,449,0,303
63,911,242,0,449,0,303
64,903,242,0,449,0,303
65,897,242,0,449,0,303
66,897,242,0,449,0,303
67,893,242,0,449,0,303
68,888,242,0,449,0,303
69,884,242,0,449,0,303
70,880,242,0,449,0,303
71,871,242,0,449,303,303
0,1036,243,0,416,0,0
1,1036,243,0,416,0,0
2,1036,243,0,416,0,0
3,1036,243,0,416,0,0
4,1036,243,0,416,0,0
5,1036,243,0,416,0,0
6,1036,243,0,416,0,0
7,1036,243,0,416,0,0
8,1036,243,0,416,0,0
9,1036,243,0,416,0,0
10,1036,243,0,416,0,0
11,1036,243,0,416,0,0
12,1036,243,0,416,0,0
13,1036,243,0,416,0,0
14,1036,243,0,416,0,0
15,1036,243,0,416,0,0
16,1036,243,0,416,0,0
17,1036,243,0,416,0,0
18,1036,243,0,416,0,0
19,1036,243,0,416,0,0
20,1036,243,0,416,0,0
21,1036,243,0,416,0,0
22,1036,243,0,416,0,0
23,1036,243,0,416,0,0
24,1036,243,0,416,0,0
25,1036,243,0,416,0,0
26,1036,243,0,416,0,0
27,1036,243,0,416,0,0
28,1036,243,0,416,0,0
29,1036,243,0,416,0,0
30,1036,243,0,416,0,0
31,1036,243,0,416,0,0
32,1036,243,0,416,0,0
33,1036,243,0,416,0,0
34,1036,243,0,416,0,0
35,1036,243,0,416,0,0
36,1036,243,0,416,0,0
37,1036,243,0,416,0,0
38,1036,243,0,416,0,0
39,1036,243,0,416,0,0
40,1036,243,0,416,0,0
41,1036,243,0,416,0,0
42,1036,243,0,416,0,0
43,1036,243,0,416,0,0
44,1036,243,0,416,0,0
45,1036,243,0,416,0,0
46,1036,243,0,416,0,0
47,1036,243,0,416,0,0
48,1036,243,0,416,0,0
49,1036,243,0,416,0,0
50,1036,243,0,416,0,0
51,1036,243,0,416,0,0
52,1036,243,0,416,0,0
53,1036,243,0,416,0,0
54,1036,243,0,416,0,0
55,956,243,0,416,0,303
56,956,243,0,416,0,303
57,947,243,0,416,0,303
58,939,243,0,416,0,303
59,930,243,0,416,0,303
60,925,243,0,416,0,303
61,920,243,0,416,0,303
62,914,243,0,416,0,303
63,905,243,0,416,0,303
64,898,243,0,416,0,303
65,896,243,0,416,0,303
66,896,243,0,416,0,303
67,894,243,0,416,0,303
68,892,243,0,416,0,303
69,885,243,0,416,0,303
70,877,243,0,416,303,303
0,1091,248,0,448,0,0
1,1091,248,0,448,0,0
2,1091,248,0,448,0,0
3,1091,248,0,448,0,0
4,1091,248,0,448,0,0
5,1091,248,0,448,0,0
6,1091,248,0,448,0,0
7,1091,248,0,448,0,0
8,1091,248,0,448,0,0
9,1091,248,0,448,0,0
10,1091,248,0,448,0,0
11,1091,248,0,448,0,0
12,1091,248,0,448,0,0
13,1091,248,0,448,0,0
14,1091,248,0,448,0,0
15,1091,248,0,448,0,0
16,1091,248,0,448,0,0
17,1091,248,0,448,0,0
18,1091,248,0,448,0,0
19,1091,248,0,448,0,0
20,1091,248,0,448,0,0
21,1091,248,0,448,0,0
22,1091,248,0,448,0,0
23,1091,248,0,448,0,0
24,1091,248,0,448,0,0
25,1091,248,0,448,0,0
26,1091,248,0,448,0,0
27,1091,248,0,448,0,0
28,1091,248,0,448,0,0
29,1091,248,0,448,0,0
30,1091,248,0,448,0,0
31,1091,248,0,448,0,0
32,1091,248,0,448,0,0
33,1091,248,0,448,0,0
34,1091,248,0,448,0,0
35,1091,248,0,448,0,0
36,1091,248,0,448,0,0
37,1091,248,0,448,0,0
38,1091,248,0,448,0,0
39,1091,248,0,448,0,0
40,1091,248,0,448,0,0
41,1091,248,0,448,0,0
42,1091,248,0,448,0,0
43,1091,248,0,448,0,0
44,1091,248,0,448,0,0
45,1091,248,0,448,0,0
46,1091,248,0,448,0,0
47,1091,248,0,448,0,0
48,1091,248,0,448,0,0
49,1091,248,0,448,0,0
50,1091,248,0,448,0,0
51,1091,248,0,448,0,0
52,1091,248,0,448,0,0
53,1091,248,0,448,0,0
54,1035,248,0,448,0,303
55,1026,248,0,448,0,303
56,1017,248,0,448,0,303
57,1009,248,0,448,0,303
58,1006,248,0,448,0,303
59,1005,248,0,448,0,303
60,999,248,0,448,0,303
61,994,248,0,448,0,303
62,988,248,0,448,0,303
63,979,248,0,448,0,303
64,973,248,0,448,0,303
65,969,248,0,448,0,303
66,963,248,0,448,0,303
67,963,248,0,448,0,303
68,960,248,0,448,0,303
69,958,248,0,448,0,303
70,955,248,0,448,0,303
71,951,248,0,448,0,303
72,943,248,0,448,0,303
73,937,248,0,448,0,303
74,936,248,0,448,0,303
75,935,248,0,448,0,303
76,929,248,0,448,0,303
77,927,248,0,448,0,303
78,921,248,0,448,0,303
79,913,248,0,448,0,303
80,910,248,0,448,0,303
81,903,248,0,448,0,303
82,894,248,0,448,0,303
83,890,248,0,448,0,303
84,884,248,0,448,0,303
85,880,248,0,448,0,303
86,871,248,0,448,0,303
87,870,248,0,448,0,303
88,866,248,0,448,0,303
89,857,248,0,448,0,303
90,851,248,0,448,0,303
91,851,248,0,448,0,303
92,846,248,0,448,0,303
93,840,248,0,448,303,303
